   0.00   1.000 0.00152
   2.00   0.000 0.00000
   4.00   0.000 0.00000
   6.00   0.000 0.00000
   8.00   0.000 0.00000
  10.00   0.000 0.00000
  12.00   0.000 0.00000
  14.00   0.000 0.00000
  16.00   0.000 0.00000
  18.00   0.000 0.00000
  20.00   0.000 0.00000
  22.00   0.000 0.00000
  24.00   0.000 0.00000
  26.00   0.000 0.00000
  28.00   0.000 0.00000
  30.00   0.000 0.00000
  32.00   0.000 0.00000
  34.00   0.000 0.00000
  36.00   0.000 0.00000
  38.00   0.000 0.00000
  40.00   0.000 0.00000
  42.00   0.000 0.00000
  44.00   0.000 0.00000
  46.00   0.000 0.00000
  48.00   0.000 0.00000
  50.00   0.000 0.00000
  52.00   0.000 0.00000
  54.00   0.000 0.00000
  56.00   0.000 0.00000
  58.00   0.000 0.00000
  60.00   0.000 0.00000
  62.00   0.000 0.00000
  64.00   0.000 0.00000
  66.00   0.000 0.00000
  68.00   0.000 0.00000
  70.00   0.000 0.00000
  72.00   0.000 0.00000
  74.00   0.000 0.00000
  76.00   0.000 0.00000
  78.00   0.000 0.00000
  80.00 181.000 0.27508
  82.00 540.000 0.82067
  84.00 552.000 0.83891
  86.00 468.000 0.71125
  88.00 508.000 0.77204
  90.00 500.000 0.75988
  92.00 464.000 0.70517
  94.00 472.000 0.71733
  96.00 476.000 0.72340
  98.00 452.000 0.68693
 100.00 468.000 0.71125
 102.00 436.000 0.66261
 104.00 456.000 0.69301
 106.00 436.000 0.66261
 108.00 420.000 0.63830
 110.00 416.000 0.63222
 112.00 420.000 0.63830
 114.00 432.000 0.65653
 116.00 444.000 0.67477
 118.00 392.000 0.59574
 120.00 472.000 0.71733
 122.00 420.000 0.63830
 124.00 416.000 0.63222
 126.00 440.000 0.66869
 128.00 432.000 0.65653
 130.00 472.000 0.71733
 132.00 444.000 0.67477
 134.00 468.000 0.71125
 136.00 536.000 0.81459
 138.00 568.000 0.86322
 140.00 658.000 1.00000
 142.00 608.000 0.92401
 144.00 528.000 0.80243
 146.00 468.000 0.71125
 148.00 368.000 0.55927
 150.00 376.000 0.57143
 152.00 300.000 0.45593
 154.00 320.000 0.48632
 156.00 352.000 0.53495
 158.00 252.000 0.38298
 160.00 320.000 0.48632
 162.00 280.000 0.42553
 164.00 284.000 0.43161
 166.00 244.000 0.37082
 168.00 252.000 0.38298
 170.00 236.000 0.35866
 172.00 252.000 0.38298
 174.00 228.000 0.34650
 176.00 204.000 0.31003
 178.00 204.000 0.31003
 180.00 152.000 0.23100
 182.00 204.000 0.31003
 184.00 172.000 0.26140
 186.00 168.000 0.25532
 188.00 152.000 0.23100
 190.00 164.000 0.24924
 192.00 172.000 0.26140
 194.00 160.000 0.24316
 196.00 160.000 0.24316
 198.00 148.000 0.22492
 200.00 164.000 0.24924
 202.00 160.000 0.24316
 204.00 164.000 0.24924
 206.00 104.000 0.15805
 208.00 184.000 0.27964
 210.00 112.000 0.17021
 212.00 112.000 0.17021
 214.00 192.000 0.29179
 216.00  92.000 0.13982
 218.00 140.000 0.21277
 220.00 136.000 0.20669
 222.00 108.000 0.16413
 224.00 120.000 0.18237
 226.00 128.000 0.19453
 228.00 104.000 0.15805
 230.00 112.000 0.17021
 232.00 136.000 0.20669
 234.00  76.000 0.11550
 236.00 112.000 0.17021
 238.00 104.000 0.15805
 240.00  76.000 0.11550
 242.00  96.000 0.14590
 244.00  76.000 0.11550
 246.00  96.000 0.14590
 248.00  88.000 0.13374
 250.00 136.000 0.20669
 252.00  60.000 0.09119
 254.00  72.000 0.10942
 256.00  96.000 0.14590
 258.00  84.000 0.12766
 260.00  64.000 0.09726
 262.00  88.000 0.13374
 264.00  76.000 0.11550
 266.00 104.000 0.15805
 268.00  32.000 0.04863
 270.00  96.000 0.14590
 272.00  80.000 0.12158
 274.00  96.000 0.14590
 276.00  64.000 0.09726
 278.00  72.000 0.10942
 280.00  64.000 0.09726
 282.00  80.000 0.12158
 284.00  88.000 0.13374
 286.00  40.000 0.06079
 288.00  92.000 0.13982
 290.00  64.000 0.09726
 292.00  80.000 0.12158
 294.00  52.000 0.07903
 296.00  56.000 0.08511
 298.00  96.000 0.14590
 300.00  44.000 0.06687
 302.00  88.000 0.13374
 304.00  48.000 0.07295
 306.00  64.000 0.09726
 308.00  72.000 0.10942
 310.00  56.000 0.08511
 312.00  72.000 0.10942
 314.00  56.000 0.08511
 316.00  56.000 0.08511
 318.00  64.000 0.09726
 320.00  72.000 0.10942
 322.00  40.000 0.06079
 324.00  60.000 0.09119
 326.00  56.000 0.08511
 328.00  56.000 0.08511
 330.00  40.000 0.06079
 332.00  76.000 0.11550
 334.00  56.000 0.08511
 336.00  60.000 0.09119
 338.00  24.000 0.03647
 340.00  72.000 0.10942
 342.00  40.000 0.06079
 344.00  56.000 0.08511
 346.00  40.000 0.06079
 348.00  68.000 0.10334
 350.00  48.000 0.07295
 352.00  52.000 0.07903
 354.00  32.000 0.04863
 356.00  48.000 0.07295
 358.00  32.000 0.04863
 360.00  52.000 0.07903
 362.00  48.000 0.07295
 364.00  32.000 0.04863
 366.00  16.000 0.02432
 368.00  40.000 0.06079
 370.00  56.000 0.08511
 372.00  24.000 0.03647
 374.00  56.000 0.08511
 376.00  36.000 0.05471
 378.00  40.000 0.06079
 380.00  32.000 0.04863
 382.00  40.000 0.06079
 384.00  36.000 0.05471
 386.00  40.000 0.06079
 388.00  48.000 0.07295
 390.00  24.000 0.03647
 392.00  32.000 0.04863
 394.00  40.000 0.06079
 396.00  16.000 0.02432
 398.00  60.000 0.09119
 400.00  40.000 0.06079
 402.00  40.000 0.06079
 404.00  32.000 0.04863
 406.00  24.000 0.03647
 408.00  24.000 0.03647
 410.00  60.000 0.09119
 412.00  16.000 0.02432
 414.00  40.000 0.06079
 416.00  40.000 0.06079
 418.00  40.000 0.06079
 420.00  24.000 0.03647
 422.00  28.000 0.04255
 424.00  32.000 0.04863
 426.00  32.000 0.04863
 428.00  32.000 0.04863
 430.00  48.000 0.07295
 432.00  48.000 0.07295
 434.00  20.000 0.03040
 436.00  32.000 0.04863
 438.00  16.000 0.02432
 440.00  16.000 0.02432
 442.00  48.000 0.07295
 444.00  40.000 0.06079
 446.00  32.000 0.04863
 448.00  32.000 0.04863
 450.00  24.000 0.03647
 452.00  32.000 0.04863
 454.00  24.000 0.03647
 456.00  40.000 0.06079
 458.00  20.000 0.03040
 460.00  36.000 0.05471
 462.00  56.000 0.08511
 464.00   8.000 0.01216
 466.00  24.000 0.03647
 468.00  40.000 0.06079
 470.00  32.000 0.04863
 472.00   0.000 0.00000
 474.00  32.000 0.04863
 476.00  32.000 0.04863
 478.00  48.000 0.07295
 480.00  32.000 0.04863
 482.00  36.000 0.05471
 484.00  16.000 0.02432
 486.00  16.000 0.02432
 488.00  24.000 0.03647
 490.00  32.000 0.04863
 492.00  16.000 0.02432
 494.00  32.000 0.04863
 496.00  56.000 0.08511
 498.00   8.000 0.01216
 500.00  24.000 0.03647
 502.00  20.000 0.03040
 504.00  40.000 0.06079
 506.00  16.000 0.02432
 508.00  28.000 0.04255
 510.00  16.000 0.02432
 512.00  48.000 0.07295
 514.00  24.000 0.03647
 516.00   0.000 0.00000
 518.00  32.000 0.04863
 520.00  32.000 0.04863
 522.00  24.000 0.03647
 524.00  24.000 0.03647
 526.00  24.000 0.03647
 528.00  16.000 0.02432
 530.00  32.000 0.04863
 532.00  36.000 0.05471
 534.00   8.000 0.01216
 536.00  32.000 0.04863
 538.00  16.000 0.02432
 540.00  24.000 0.03647
 542.00  16.000 0.02432
 544.00  16.000 0.02432
 546.00  32.000 0.04863
 548.00  28.000 0.04255
 550.00  24.000 0.03647
 552.00  24.000 0.03647
 554.00  24.000 0.03647
 556.00  12.000 0.01824
 558.00  24.000 0.03647
 560.00   8.000 0.01216
 562.00  40.000 0.06079
 564.00  16.000 0.02432
 566.00  16.000 0.02432
 568.00  32.000 0.04863
 570.00   8.000 0.01216
 572.00  32.000 0.04863
 574.00  16.000 0.02432
 576.00   0.000 0.00000
 578.00  32.000 0.04863
 580.00  20.000 0.03040
 582.00  48.000 0.07295
 584.00   8.000 0.01216
 586.00   8.000 0.01216
 588.00   8.000 0.01216
 590.00  16.000 0.02432
 592.00  32.000 0.04863
 594.00   8.000 0.01216
 596.00  16.000 0.02432
 598.00  28.000 0.04255
 600.00   0.000 0.00000
 602.00  40.000 0.06079
 604.00  20.000 0.03040
 606.00   8.000 0.01216
 608.00   8.000 0.01216
 610.00   8.000 0.01216
 612.00  24.000 0.03647
 614.00   8.000 0.01216
 616.00   8.000 0.01216
 618.00   8.000 0.01216
 620.00  16.000 0.02432
 622.00  16.000 0.02432
 624.00  16.000 0.02432
 626.00  24.000 0.03647
 628.00  24.000 0.03647
 630.00  16.000 0.02432
 632.00   8.000 0.01216
 634.00   8.000 0.01216
 636.00  24.000 0.03647
 638.00   0.000 0.00000
 640.00   8.000 0.01216
 642.00  16.000 0.02432
 644.00  40.000 0.06079
 646.00   8.000 0.01216
 648.00  24.000 0.03647
 650.00  16.000 0.02432
 652.00   4.000 0.00608
 654.00   8.000 0.01216
 656.00  32.000 0.04863
 658.00   8.000 0.01216
 660.00   8.000 0.01216
 662.00  20.000 0.03040
 664.00   8.000 0.01216
 666.00   0.000 0.00000
 668.00  24.000 0.03647
 670.00  24.000 0.03647
 672.00   0.000 0.00000
 674.00  24.000 0.03647
 676.00   8.000 0.01216
 678.00  16.000 0.02432
 680.00  24.000 0.03647
 682.00   8.000 0.01216
 684.00  16.000 0.02432
 686.00   8.000 0.01216
 688.00   0.000 0.00000
 690.00   8.000 0.01216
 692.00  16.000 0.02432
 694.00  32.000 0.04863
 696.00   8.000 0.01216
 698.00  32.000 0.04863
 700.00   0.000 0.00000
 702.00   8.000 0.01216
 704.00   8.000 0.01216
 706.00   8.000 0.01216
 708.00  24.000 0.03647
 710.00  20.000 0.03040
 712.00  16.000 0.02432
 714.00  24.000 0.03647
 716.00   8.000 0.01216
 718.00   4.000 0.00608
 720.00  16.000 0.02432
 722.00   8.000 0.01216
 724.00   0.000 0.00000
 726.00  32.000 0.04863
 728.00   8.000 0.01216
 730.00   8.000 0.01216
 732.00  16.000 0.02432
 734.00   0.000 0.00000
 736.00  24.000 0.03647
 738.00   0.000 0.00000
 740.00  32.000 0.04863
 742.00   8.000 0.01216
 744.00   8.000 0.01216
 746.00   8.000 0.01216
 748.00   8.000 0.01216
 750.00  16.000 0.02432
 752.00  24.000 0.03647
 754.00   8.000 0.01216
 756.00  16.000 0.02432
 758.00  16.000 0.02432
 760.00   0.000 0.00000
 762.00   8.000 0.01216
 764.00   8.000 0.01216
 766.00   8.000 0.01216
 768.00  24.000 0.03647
 770.00  24.000 0.03647
 772.00  20.000 0.03040
 774.00   4.000 0.00608
 776.00   8.000 0.01216
 778.00   8.000 0.01216
 780.00   8.000 0.01216
 782.00   8.000 0.01216
 784.00   8.000 0.01216
 786.00   8.000 0.01216
 788.00  32.000 0.04863
 790.00   0.000 0.00000
 792.00  24.000 0.03647
 794.00   8.000 0.01216
 796.00   0.000 0.00000
 798.00   0.000 0.00000
 800.00  24.000 0.03647
 802.00   8.000 0.01216
 804.00  32.000 0.04863
 806.00  16.000 0.02432
 808.00   8.000 0.01216
 810.00   0.000 0.00000
 812.00   8.000 0.01216
 814.00   8.000 0.01216
 816.00   0.000 0.00000
 818.00  24.000 0.03647
 820.00   8.000 0.01216
 822.00   0.000 0.00000
 824.00  16.000 0.02432
 826.00  16.000 0.02432
 828.00  16.000 0.02432
 830.00  12.000 0.01824
 832.00  16.000 0.02432
 834.00  32.000 0.04863
 836.00   4.000 0.00608
 838.00  16.000 0.02432
 840.00   0.000 0.00000
 842.00   0.000 0.00000
 844.00   8.000 0.01216
 846.00  16.000 0.02432
 848.00   8.000 0.01216
 850.00   0.000 0.00000
 852.00  16.000 0.02432
 854.00   0.000 0.00000
 856.00   8.000 0.01216
 858.00  16.000 0.02432
 860.00   8.000 0.01216
 862.00   8.000 0.01216
 864.00   8.000 0.01216
 866.00  16.000 0.02432
 868.00  24.000 0.03647
 870.00  16.000 0.02432
 872.00   8.000 0.01216
 874.00   8.000 0.01216
 876.00  16.000 0.02432
 878.00   0.000 0.00000
 880.00  16.000 0.02432
 882.00   8.000 0.01216
 884.00   8.000 0.01216
 886.00  12.000 0.01824
 888.00  16.000 0.02432
 890.00  16.000 0.02432
 892.00   0.000 0.00000
 894.00   0.000 0.00000
 896.00   8.000 0.01216
 898.00   8.000 0.01216
 900.00   8.000 0.01216
 902.00   0.000 0.00000
 904.00   8.000 0.01216
 906.00  20.000 0.03040
 908.00  16.000 0.02432
 910.00   8.000 0.01216
 912.00   8.000 0.01216
 914.00   8.000 0.01216
 916.00   8.000 0.01216
 918.00  16.000 0.02432
 920.00  16.000 0.02432
 922.00   0.000 0.00000
 924.00   8.000 0.01216
 926.00  16.000 0.02432
 928.00  16.000 0.02432
 930.00   8.000 0.01216
 932.00   8.000 0.01216
 934.00  16.000 0.02432
 936.00   0.000 0.00000
 938.00   0.000 0.00000
 940.00   0.000 0.00000
 942.00  28.000 0.04255
 944.00   0.000 0.00000
 946.00   8.000 0.01216
 948.00   8.000 0.01216
 950.00   8.000 0.01216
 952.00  16.000 0.02432
 954.00   0.000 0.00000
 956.00   0.000 0.00000
 958.00  24.000 0.03647
 960.00  16.000 0.02432
 962.00   0.000 0.00000
 964.00   0.000 0.00000
 966.00  24.000 0.03647
 968.00   8.000 0.01216
 970.00   8.000 0.01216
 972.00   0.000 0.00000
 974.00  24.000 0.03647
 976.00   8.000 0.01216
 978.00   0.000 0.00000
 980.00   4.000 0.00608
 982.00   8.000 0.01216
 984.00  16.000 0.02432
 986.00   0.000 0.00000
 988.00   8.000 0.01216
 990.00   8.000 0.01216
 992.00   0.000 0.00000
 994.00  16.000 0.02432
 996.00   8.000 0.01216
 998.00  28.000 0.04255
1000.00   0.000 0.00000
1002.00  16.000 0.02432
1004.00   0.000 0.00000
1006.00   0.000 0.00000
1008.00   0.000 0.00000
1010.00  16.000 0.02432
1012.00   8.000 0.01216
1014.00   0.000 0.00000
1016.00  16.000 0.02432
1018.00   0.000 0.00000
1020.00  16.000 0.02432
1022.00  16.000 0.02432
1024.00   0.000 0.00000
1026.00  16.000 0.02432
1028.00  16.000 0.02432
1030.00   0.000 0.00000
1032.00   0.000 0.00000
1034.00   0.000 0.00000
1036.00  16.000 0.02432
1038.00   0.000 0.00000
1040.00   8.000 0.01216
1042.00   0.000 0.00000
1044.00  24.000 0.03647
1046.00   8.000 0.01216
1048.00   0.000 0.00000
1050.00   0.000 0.00000
1052.00   0.000 0.00000
1054.00  20.000 0.03040
1056.00  16.000 0.02432
1058.00   8.000 0.01216
1060.00   0.000 0.00000
1062.00   8.000 0.01216
1064.00  24.000 0.03647
1066.00  16.000 0.02432
1068.00   0.000 0.00000
1070.00   0.000 0.00000
1072.00   8.000 0.01216
1074.00   0.000 0.00000
1076.00   8.000 0.01216
1078.00   0.000 0.00000
1080.00   0.000 0.00000
1082.00  16.000 0.02432
1084.00   0.000 0.00000
1086.00  16.000 0.02432
1088.00   8.000 0.01216
1090.00   0.000 0.00000
1092.00   8.000 0.01216
1094.00   0.000 0.00000
1096.00   8.000 0.01216
1098.00   0.000 0.00000
1100.00  16.000 0.02432
1102.00  16.000 0.02432
1104.00   8.000 0.01216
1106.00   8.000 0.01216
1108.00   0.000 0.00000
1110.00  12.000 0.01824
1112.00   4.000 0.00608
1114.00  16.000 0.02432
1116.00   8.000 0.01216
1118.00   8.000 0.01216
1120.00   0.000 0.00000
1122.00   8.000 0.01216
1124.00   0.000 0.00000
1126.00   8.000 0.01216
1128.00   8.000 0.01216
1130.00   0.000 0.00000
1132.00   0.000 0.00000
1134.00   0.000 0.00000
1136.00   8.000 0.01216
1138.00  16.000 0.02432
1140.00   8.000 0.01216
1142.00   0.000 0.00000
1144.00   0.000 0.00000
1146.00   8.000 0.01216
1148.00   0.000 0.00000
1150.00   8.000 0.01216
1152.00   0.000 0.00000
1154.00   0.000 0.00000
1156.00  16.000 0.02432
1158.00   0.000 0.00000
1160.00   0.000 0.00000
1162.00   8.000 0.01216
1164.00   8.000 0.01216
1166.00  12.000 0.01824
1168.00   0.000 0.00000
1170.00   8.000 0.01216
1172.00  16.000 0.02432
1174.00   0.000 0.00000
1176.00   0.000 0.00000
1178.00   0.000 0.00000
1180.00   8.000 0.01216
1182.00   8.000 0.01216
1184.00   8.000 0.01216
1186.00   0.000 0.00000
1188.00   0.000 0.00000
1190.00   8.000 0.01216
1192.00   0.000 0.00000
1194.00   8.000 0.01216
1196.00   8.000 0.01216
1198.00   0.000 0.00000
1200.00   0.000 0.00000
1202.00   0.000 0.00000
1204.00   0.000 0.00000
1206.00   0.000 0.00000
1208.00   8.000 0.01216
1210.00   0.000 0.00000
1212.00   0.000 0.00000
1214.00  16.000 0.02432
1216.00   0.000 0.00000
1218.00   8.000 0.01216
1220.00   8.000 0.01216
1222.00  16.000 0.02432
1224.00   8.000 0.01216
1226.00   8.000 0.01216
1228.00   8.000 0.01216
1230.00   0.000 0.00000
1232.00   0.000 0.00000
1234.00   8.000 0.01216
1236.00   0.000 0.00000
1238.00   0.000 0.00000
1240.00   0.000 0.00000
1242.00   8.000 0.01216
1244.00   0.000 0.00000
1246.00   8.000 0.01216
1248.00   0.000 0.00000
1250.00   0.000 0.00000
1252.00   0.000 0.00000
1254.00   0.000 0.00000
1256.00  16.000 0.02432
1258.00   8.000 0.01216
1260.00   8.000 0.01216
1262.00   8.000 0.01216
1264.00   8.000 0.01216
1266.00   4.000 0.00608
1268.00   0.000 0.00000
1270.00   8.000 0.01216
1272.00   8.000 0.01216
1274.00   0.000 0.00000
1276.00   0.000 0.00000
1278.00   8.000 0.01216
1280.00   0.000 0.00000
1282.00   0.000 0.00000
1284.00  16.000 0.02432
1286.00   8.000 0.01216
1288.00   8.000 0.01216
1290.00   8.000 0.01216
1292.00   0.000 0.00000
1294.00   0.000 0.00000
1296.00   8.000 0.01216
1298.00   0.000 0.00000
1300.00   8.000 0.01216
1302.00   0.000 0.00000
1304.00   0.000 0.00000
1306.00   0.000 0.00000
1308.00   0.000 0.00000
1310.00   0.000 0.00000
1312.00  16.000 0.02432
1314.00  16.000 0.02432
1316.00   0.000 0.00000
1318.00   0.000 0.00000
1320.00   0.000 0.00000
1322.00   0.000 0.00000
1324.00   8.000 0.01216
1326.00   4.000 0.00608
1328.00   8.000 0.01216
1330.00   0.000 0.00000
1332.00   8.000 0.01216
1334.00   0.000 0.00000
1336.00   8.000 0.01216
1338.00   0.000 0.00000
1340.00   8.000 0.01216
1342.00   8.000 0.01216
1344.00  16.000 0.02432
1346.00   0.000 0.00000
1348.00   8.000 0.01216
1350.00   0.000 0.00000
1352.00   0.000 0.00000
1354.00   0.000 0.00000
1356.00   8.000 0.01216
1358.00   0.000 0.00000
1360.00   8.000 0.01216
1362.00   8.000 0.01216
1364.00   8.000 0.01216
1366.00   0.000 0.00000
1368.00   0.000 0.00000
1370.00   0.000 0.00000
1372.00   8.000 0.01216
1374.00   8.000 0.01216
1376.00   0.000 0.00000
1378.00   0.000 0.00000
1380.00   0.000 0.00000
1382.00   0.000 0.00000
1384.00   8.000 0.01216
1386.00   0.000 0.00000
1388.00   8.000 0.01216
1390.00   0.000 0.00000
1392.00   0.000 0.00000
1394.00   0.000 0.00000
1396.00   0.000 0.00000
1398.00  16.000 0.02432
1400.00   8.000 0.01216
1402.00   0.000 0.00000
1404.00  16.000 0.02432
1406.00   8.000 0.01216
1408.00   0.000 0.00000
1410.00   0.000 0.00000
1412.00  16.000 0.02432
1414.00   0.000 0.00000
1416.00   0.000 0.00000
1418.00   0.000 0.00000
1420.00   8.000 0.01216
1422.00   0.000 0.00000
1424.00   8.000 0.01216
1426.00   0.000 0.00000
1428.00   0.000 0.00000
1430.00   0.000 0.00000
1432.00   8.000 0.01216
1434.00   0.000 0.00000
1436.00   8.000 0.01216
1438.00   8.000 0.01216
1440.00   0.000 0.00000
1442.00   4.000 0.00608
1444.00   0.000 0.00000
1446.00   0.000 0.00000
1448.00   8.000 0.01216
1450.00   0.000 0.00000
1452.00  24.000 0.03647
1454.00   0.000 0.00000
1456.00   8.000 0.01216
1458.00   0.000 0.00000
1460.00   8.000 0.01216
1462.00   0.000 0.00000
1464.00   0.000 0.00000
1466.00   8.000 0.01216
1468.00   8.000 0.01216
1470.00  16.000 0.02432
1472.00   0.000 0.00000
1474.00   0.000 0.00000
1476.00   0.000 0.00000
1478.00   0.000 0.00000
1480.00   0.000 0.00000
1482.00   0.000 0.00000
1484.00  12.000 0.01824
1486.00   0.000 0.00000
1488.00   0.000 0.00000
1490.00   8.000 0.01216
1492.00   8.000 0.01216
1494.00   0.000 0.00000
1496.00   0.000 0.00000
1498.00   0.000 0.00000
1500.00   0.000 0.00000
1502.00   0.000 0.00000
1504.00   8.000 0.01216
1506.00   0.000 0.00000
1508.00  16.000 0.02432
1510.00   8.000 0.01216
1512.00   0.000 0.00000
1514.00  16.000 0.02432
1516.00   0.000 0.00000
1518.00   0.000 0.00000
1520.00   0.000 0.00000
1522.00   0.000 0.00000
1524.00   0.000 0.00000
1526.00   0.000 0.00000
1528.00  16.000 0.02432
1530.00   0.000 0.00000
1532.00   0.000 0.00000
1534.00   0.000 0.00000
1536.00  16.000 0.02432
1538.00   0.000 0.00000
1540.00   0.000 0.00000
1542.00   8.000 0.01216
1544.00   8.000 0.01216
1546.00   8.000 0.01216
1548.00   0.000 0.00000
1550.00   0.000 0.00000
1552.00   0.000 0.00000
1554.00   0.000 0.00000
1556.00   0.000 0.00000
1558.00   0.000 0.00000
1560.00   8.000 0.01216
1562.00   8.000 0.01216
1564.00   0.000 0.00000
1566.00   8.000 0.01216
1568.00   0.000 0.00000
1570.00   8.000 0.01216
1572.00   0.000 0.00000
1574.00   0.000 0.00000
1576.00   0.000 0.00000
1578.00   0.000 0.00000
1580.00   8.000 0.01216
1582.00   0.000 0.00000
1584.00   8.000 0.01216
1586.00   8.000 0.01216
1588.00   8.000 0.01216
1590.00   0.000 0.00000
1592.00   0.000 0.00000
1594.00   0.000 0.00000
1596.00   8.000 0.01216
1598.00   0.000 0.00000
1600.00   0.000 0.00000
1602.00   8.000 0.01216
1604.00  16.000 0.02432
1606.00   0.000 0.00000
1608.00   0.000 0.00000
1610.00   8.000 0.01216
1612.00   0.000 0.00000
1614.00   8.000 0.01216
1616.00   0.000 0.00000
1618.00   8.000 0.01216
1620.00   0.000 0.00000
1622.00   0.000 0.00000
1624.00  16.000 0.02432
1626.00   0.000 0.00000
1628.00   0.000 0.00000
1630.00   8.000 0.01216
1632.00   0.000 0.00000
1634.00   0.000 0.00000
1636.00   8.000 0.01216
1638.00   0.000 0.00000
1640.00   4.000 0.00608
1642.00   4.000 0.00608
1644.00   0.000 0.00000
1646.00   8.000 0.01216
1648.00   0.000 0.00000
1650.00   0.000 0.00000
1652.00   0.000 0.00000
1654.00   0.000 0.00000
1656.00   8.000 0.01216
1658.00   8.000 0.01216
1660.00   0.000 0.00000
1662.00   0.000 0.00000
1664.00  16.000 0.02432
1666.00   0.000 0.00000
1668.00   8.000 0.01216
1670.00   0.000 0.00000
1672.00   8.000 0.01216
1674.00   0.000 0.00000
1676.00   0.000 0.00000
1678.00   0.000 0.00000
1680.00   8.000 0.01216
1682.00   0.000 0.00000
1684.00   0.000 0.00000
1686.00   8.000 0.01216
1688.00   0.000 0.00000
1690.00   8.000 0.01216
1692.00   0.000 0.00000
1694.00   0.000 0.00000
1696.00   0.000 0.00000
1698.00   0.000 0.00000
1700.00   8.000 0.01216
1702.00   0.000 0.00000
1704.00   0.000 0.00000
1706.00   0.000 0.00000
1708.00   8.000 0.01216
1710.00   0.000 0.00000
1712.00   8.000 0.01216
1714.00   0.000 0.00000
1716.00   0.000 0.00000
1718.00   0.000 0.00000
1720.00   0.000 0.00000
1722.00   8.000 0.01216
1724.00   8.000 0.01216
1726.00   8.000 0.01216
1728.00   8.000 0.01216
1730.00   0.000 0.00000
1732.00   0.000 0.00000
1734.00  16.000 0.02432
1736.00   0.000 0.00000
1738.00   0.000 0.00000
1740.00   8.000 0.01216
1742.00   0.000 0.00000
1744.00   8.000 0.01216
1746.00   0.000 0.00000
1748.00   0.000 0.00000
1750.00   0.000 0.00000
1752.00   0.000 0.00000
1754.00   0.000 0.00000
1756.00   8.000 0.01216
1758.00  16.000 0.02432
1760.00   0.000 0.00000
1762.00   8.000 0.01216
1764.00   0.000 0.00000
1766.00   8.000 0.01216
1768.00   0.000 0.00000
1770.00   0.000 0.00000
1772.00   0.000 0.00000
1774.00   0.000 0.00000
1776.00   0.000 0.00000
1778.00   8.000 0.01216
1780.00   0.000 0.00000
1782.00   8.000 0.01216
1784.00  16.000 0.02432
1786.00   0.000 0.00000
1788.00   0.000 0.00000
1790.00   0.000 0.00000
1792.00   0.000 0.00000
1794.00   0.000 0.00000
1796.00   8.000 0.01216
1798.00   0.000 0.00000
1800.00   4.000 0.00608
1802.00   0.000 0.00000
1804.00   0.000 0.00000
1806.00   0.000 0.00000
1808.00   8.000 0.01216
1810.00   0.000 0.00000
1812.00   0.000 0.00000
1814.00   0.000 0.00000
1816.00   8.000 0.01216
1818.00   8.000 0.01216
1820.00   0.000 0.00000
1822.00   0.000 0.00000
1824.00   0.000 0.00000
1826.00   0.000 0.00000
1828.00   0.000 0.00000
1830.00   0.000 0.00000
1832.00   8.000 0.01216
1834.00   8.000 0.01216
1836.00   8.000 0.01216
1838.00   0.000 0.00000
1840.00   0.000 0.00000
1842.00   0.000 0.00000
1844.00  16.000 0.02432
1846.00   0.000 0.00000
1848.00   8.000 0.01216
1850.00   0.000 0.00000
1852.00   0.000 0.00000
1854.00   0.000 0.00000
1856.00   0.000 0.00000
1858.00   8.000 0.01216
1860.00  12.000 0.01824
1862.00   0.000 0.00000
1864.00   8.000 0.01216
1866.00   0.000 0.00000
1868.00   8.000 0.01216
1870.00   0.000 0.00000
1872.00   0.000 0.00000
1874.00   0.000 0.00000
1876.00   0.000 0.00000
1878.00   0.000 0.00000
1880.00   0.000 0.00000
1882.00   0.000 0.00000
1884.00   8.000 0.01216
1886.00   0.000 0.00000
1888.00   0.000 0.00000
1890.00   0.000 0.00000
1892.00   0.000 0.00000
1894.00  16.000 0.02432
1896.00   0.000 0.00000
1898.00   8.000 0.01216
1900.00   0.000 0.00000
1902.00   0.000 0.00000
1904.00   0.000 0.00000
1906.00   8.000 0.01216
1908.00   0.000 0.00000
1910.00  16.000 0.02432
1912.00   0.000 0.00000
1914.00   0.000 0.00000
1916.00   0.000 0.00000
1918.00   0.000 0.00000
1920.00   0.000 0.00000
1922.00   8.000 0.01216
1924.00   0.000 0.00000
1926.00   0.000 0.00000
1928.00   8.000 0.01216
1930.00   0.000 0.00000
1932.00   0.000 0.00000
1934.00   8.000 0.01216
1936.00   0.000 0.00000
1938.00   8.000 0.01216
1940.00   0.000 0.00000
1942.00   0.000 0.00000
1944.00   0.000 0.00000
1946.00   0.000 0.00000
1948.00   0.000 0.00000
1950.00   8.000 0.01216
1952.00   0.000 0.00000
1954.00   8.000 0.01216
1956.00   0.000 0.00000
1958.00   0.000 0.00000
1960.00   4.000 0.00608
1962.00  16.000 0.02432
1964.00   0.000 0.00000
1966.00   8.000 0.01216
1968.00   0.000 0.00000
1970.00   8.000 0.01216
1972.00   0.000 0.00000
1974.00   8.000 0.01216
1976.00   0.000 0.00000
1978.00   8.000 0.01216
1980.00   0.000 0.00000
1982.00   0.000 0.00000
1984.00   0.000 0.00000
1986.00   0.000 0.00000
1988.00   0.000 0.00000
1990.00   0.000 0.00000
1992.00   0.000 0.00000
1994.00   0.000 0.00000
1996.00   8.000 0.01216
1998.00   0.000 0.00000
2000.00   0.000 0.00000
2002.00   0.000 0.00000
2004.00   8.000 0.01216
2006.00   8.000 0.01216
2008.00   0.000 0.00000
2010.00   8.000 0.01216
2012.00   0.000 0.00000
2014.00   0.000 0.00000
2016.00   0.000 0.00000
2018.00   0.000 0.00000
2020.00   0.000 0.00000
2022.00   0.000 0.00000
2024.00   0.000 0.00000
2026.00   0.000 0.00000
2028.00  16.000 0.02432
2030.00   0.000 0.00000
2032.00   0.000 0.00000
2034.00   8.000 0.01216
2036.00   0.000 0.00000
2038.00   0.000 0.00000
2040.00   0.000 0.00000
2042.00   0.000 0.00000
2044.00   0.000 0.00000
2046.00   8.000 0.01216
2048.00   0.000 0.00000
2050.00   0.000 0.00000
2052.00   0.000 0.00000
2054.00   0.000 0.00000
2056.00   8.000 0.01216
2058.00  16.000 0.02432
2060.00   0.000 0.00000
2062.00   8.000 0.01216
2064.00   8.000 0.01216
2066.00   0.000 0.00000
2068.00   0.000 0.00000
2070.00   0.000 0.00000
2072.00   0.000 0.00000
2074.00   0.000 0.00000
2076.00   0.000 0.00000
2078.00   0.000 0.00000
2080.00   8.000 0.01216
2082.00   0.000 0.00000
2084.00   0.000 0.00000
2086.00   0.000 0.00000
2088.00   0.000 0.00000
2090.00  24.000 0.03647
2092.00   0.000 0.00000
2094.00   8.000 0.01216
2096.00   8.000 0.01216
2098.00   0.000 0.00000
2100.00   4.000 0.00608
2102.00   0.000 0.00000
2104.00   0.000 0.00000
2106.00   0.000 0.00000
2108.00   0.000 0.00000
2110.00   0.000 0.00000
2112.00   0.000 0.00000
2114.00   0.000 0.00000
2116.00   0.000 0.00000
2118.00   4.000 0.00608
2120.00   8.000 0.01216
2122.00   8.000 0.01216
2124.00   0.000 0.00000
2126.00   0.000 0.00000
2128.00   8.000 0.01216
2130.00   0.000 0.00000
2132.00   0.000 0.00000
2134.00   0.000 0.00000
2136.00   0.000 0.00000
2138.00   0.000 0.00000
2140.00   0.000 0.00000
2142.00   0.000 0.00000
2144.00   0.000 0.00000
2146.00   0.000 0.00000
2148.00   0.000 0.00000
2150.00   0.000 0.00000
2152.00  16.000 0.02432
2154.00   0.000 0.00000
2156.00   0.000 0.00000
2158.00   0.000 0.00000
2160.00   0.000 0.00000
2162.00  16.000 0.02432
2164.00   0.000 0.00000
2166.00   8.000 0.01216
2168.00   0.000 0.00000
2170.00   0.000 0.00000
2172.00   0.000 0.00000
2174.00   0.000 0.00000
2176.00   0.000 0.00000
2178.00   0.000 0.00000
2180.00   0.000 0.00000
2182.00   0.000 0.00000
2184.00  16.000 0.02432
2186.00   0.000 0.00000
2188.00   0.000 0.00000
2190.00   0.000 0.00000
2192.00   0.000 0.00000
2194.00   0.000 0.00000
2196.00   8.000 0.01216
2198.00   8.000 0.01216
2200.00   0.000 0.00000
2202.00   0.000 0.00000
2204.00   0.000 0.00000
2206.00   8.000 0.01216
2208.00   0.000 0.00000
2210.00   0.000 0.00000
2212.00   0.000 0.00000
2214.00   8.000 0.01216
2216.00   0.000 0.00000
2218.00   0.000 0.00000
2220.00   0.000 0.00000
2222.00   8.000 0.01216
2224.00   0.000 0.00000
2226.00   8.000 0.01216
2228.00   0.000 0.00000
2230.00   8.000 0.01216
2232.00   0.000 0.00000
2234.00   0.000 0.00000
2236.00   0.000 0.00000
2238.00   0.000 0.00000
2240.00   0.000 0.00000
2242.00   0.000 0.00000
2244.00   0.000 0.00000
2246.00   8.000 0.01216
2248.00   0.000 0.00000
2250.00   8.000 0.01216
2252.00   0.000 0.00000
2254.00   0.000 0.00000
2256.00   0.000 0.00000
2258.00   0.000 0.00000
2260.00   8.000 0.01216
2262.00   0.000 0.00000
2264.00   8.000 0.01216
2266.00   8.000 0.01216
2268.00   8.000 0.01216
2270.00   0.000 0.00000
2272.00   0.000 0.00000
2274.00   8.000 0.01216
2276.00   4.000 0.00608
2278.00   0.000 0.00000
2280.00   0.000 0.00000
2282.00   0.000 0.00000
2284.00   0.000 0.00000
2286.00   0.000 0.00000
2288.00   0.000 0.00000
2290.00   0.000 0.00000
2292.00   0.000 0.00000
2294.00   0.000 0.00000
2296.00   8.000 0.01216
2298.00   8.000 0.01216
2300.00   0.000 0.00000
2302.00   0.000 0.00000
2304.00   0.000 0.00000
2306.00   0.000 0.00000
2308.00   0.000 0.00000
2310.00   0.000 0.00000
2312.00   8.000 0.01216
2314.00   0.000 0.00000
2316.00   0.000 0.00000
2318.00   0.000 0.00000
2320.00   8.000 0.01216
2322.00   0.000 0.00000
2324.00   0.000 0.00000
2326.00   0.000 0.00000
2328.00   0.000 0.00000
2330.00   0.000 0.00000
2332.00   8.000 0.01216
2334.00   8.000 0.01216
2336.00   0.000 0.00000
2338.00   0.000 0.00000
2340.00   0.000 0.00000
2342.00   0.000 0.00000
2344.00   0.000 0.00000
2346.00   0.000 0.00000
2348.00   0.000 0.00000
2350.00   8.000 0.01216
2352.00   8.000 0.01216
2354.00   0.000 0.00000
2356.00   0.000 0.00000
2358.00   0.000 0.00000
2360.00   0.000 0.00000
2362.00   0.000 0.00000
2364.00   4.000 0.00608
2366.00   8.000 0.01216
2368.00   0.000 0.00000
2370.00  16.000 0.02432
2372.00   0.000 0.00000
2374.00   0.000 0.00000
2376.00   0.000 0.00000
2378.00   0.000 0.00000
2380.00   0.000 0.00000
2382.00   0.000 0.00000
2384.00   0.000 0.00000
2386.00   0.000 0.00000
2388.00   0.000 0.00000
2390.00   8.000 0.01216
2392.00   0.000 0.00000
2394.00   0.000 0.00000
2396.00   0.000 0.00000
2398.00   0.000 0.00000
2400.00   8.000 0.01216
2402.00   0.000 0.00000
2404.00   8.000 0.01216
2406.00   0.000 0.00000
2408.00   8.000 0.01216
2410.00   0.000 0.00000
2412.00   0.000 0.00000
2414.00   0.000 0.00000
2416.00   0.000 0.00000
2418.00   0.000 0.00000
2420.00   0.000 0.00000
2422.00   0.000 0.00000
2424.00   0.000 0.00000
2426.00   0.000 0.00000
2428.00   0.000 0.00000
2430.00   8.000 0.01216
2432.00   0.000 0.00000
2434.00   4.000 0.00608
2436.00   8.000 0.01216
2438.00   0.000 0.00000
2440.00   8.000 0.01216
2442.00   0.000 0.00000
2444.00   8.000 0.01216
2446.00   8.000 0.01216
2448.00   0.000 0.00000
2450.00   0.000 0.00000
2452.00   0.000 0.00000
2454.00   0.000 0.00000
2456.00   0.000 0.00000
2458.00   0.000 0.00000
2460.00   0.000 0.00000
2462.00   0.000 0.00000
2464.00   0.000 0.00000
2466.00   0.000 0.00000
2468.00   0.000 0.00000
2470.00   0.000 0.00000
2472.00  16.000 0.02432
2474.00   0.000 0.00000
2476.00   0.000 0.00000
2478.00   8.000 0.01216
2480.00   0.000 0.00000
2482.00   8.000 0.01216
2484.00   0.000 0.00000
2486.00   0.000 0.00000
2488.00   0.000 0.00000
2490.00   0.000 0.00000
2492.00   0.000 0.00000
2494.00   0.000 0.00000
2496.00   0.000 0.00000
2498.00   0.000 0.00000
2500.00   0.000 0.00000
