   0.00   1.000 0.00152
   2.00   0.990 0.00150
   4.00   0.961 0.00146
   6.00   0.914 0.00139
   8.00   0.852 0.00130
  10.00   0.779 0.00118
  12.00   0.698 0.00106
  14.00   0.613 0.00093
  16.00   0.527 0.00080
  18.00   0.445 0.00068
  20.00   0.390 0.00059
  22.00   0.405 0.00062
  24.00   0.497 0.00075
  26.00   0.701 0.00107
  28.00   1.103 0.00168
  30.00   1.816 0.00276
  32.00   3.018 0.00459
  34.00   4.983 0.00757
  36.00   8.112 0.01233
  38.00  12.979 0.01973
  40.00  20.393 0.03099
  42.00  31.450 0.04780
  44.00  47.612 0.07236
  46.00  70.761 0.10754
  48.00 103.257 0.15692
  50.00 147.963 0.22487
  52.00 208.246 0.31648
  54.00 287.909 0.43755
  56.00 391.082 0.59435
  58.00 522.021 0.79334
  60.00 684.882 1.04085
  62.00 883.366 1.34250
  64.00 1120.396 1.70273
  66.00 1397.740 2.12423
  68.00 1715.671 2.60740
  70.00 2072.706 3.15001
  72.00 2465.438 3.74687
  74.00 2888.531 4.38987
  76.00 3334.869 5.06819
  78.00 3795.852 5.76877
  80.00 4261.871 6.47701
  82.00 4722.845 7.17758
  84.00 5168.861 7.85541
  86.00 5590.791 8.49664
  88.00 5980.831 9.08941
  90.00 6332.958 9.62456
  92.00 6643.184 10.09602
  94.00 6909.696 10.50106
  96.00 7132.780 10.84009
  98.00 7314.600 11.11641
 100.00 7458.915 11.33574
 102.00 7570.627 11.50551
 104.00 7655.377 11.63431
 106.00 7719.085 11.73113
 108.00 7767.570 11.80482
 110.00 7806.177 11.86349
 112.00 7839.508 11.91415
 114.00 7871.184 11.96229
 116.00 7903.707 12.01171
 118.00 7938.369 12.06439
 120.00 7975.219 12.12039
 122.00 8013.125 12.17800
 124.00 8049.841 12.23380
 126.00 8082.201 12.28298
 128.00 8106.330 12.31965
 130.00 8117.933 12.33728
 132.00 8112.616 12.32920
 134.00 8086.224 12.28909
 136.00 8035.186 12.21153
 138.00 7956.812 12.09242
 140.00 7849.536 11.92939
 142.00 7713.042 11.72195
 144.00 7548.332 11.47163
 146.00 7357.674 11.18188
 148.00 7144.395 10.85774
 150.00 6912.593 10.50546
 152.00 6666.916 10.13209
 154.00 6412.202 9.74499
 156.00 6153.147 9.35129
 158.00 5894.111 8.95762
 160.00 5638.877 8.56972
 162.00 5390.547 8.19232
 164.00 5151.521 7.82906
 166.00 4923.501 7.48252
 168.00 4707.582 7.15438
 170.00 4504.351 6.84552
 172.00 4314.007 6.55624
 174.00 4136.456 6.28641
 176.00 3971.428 6.03561
 178.00 3818.521 5.80322
 180.00 3677.257 5.58854
 182.00 3547.087 5.39071
 184.00 3427.425 5.20885
 186.00 3317.620 5.04198
 188.00 3216.957 4.88899
 190.00 3124.676 4.74875
 192.00 3039.941 4.61997
 194.00 2961.904 4.50137
 196.00 2889.686 4.39162
 198.00 2822.415 4.28938
 200.00 2759.259 4.19340
 202.00 2699.442 4.10250
 204.00 2642.275 4.01562
 206.00 2587.151 3.93184
 208.00 2533.545 3.85037
 210.00 2481.058 3.77060
 212.00 2429.355 3.69203
 214.00 2378.216 3.61431
 216.00 2327.478 3.53720
 218.00 2277.064 3.46058
 220.00 2226.965 3.38445
 222.00 2177.209 3.30883
 224.00 2127.892 3.23388
 226.00 2079.134 3.15978
 228.00 2031.109 3.08679
 230.00 1983.990 3.01518
 232.00 1937.985 2.94527
 234.00 1893.284 2.87733
 236.00 1850.083 2.81168
 238.00 1808.553 2.74856
 240.00 1768.820 2.68818
 242.00 1730.997 2.63069
 244.00 1695.129 2.57618
 246.00 1661.250 2.52470
 248.00 1629.343 2.47620
 250.00 1599.360 2.43064
 252.00 1571.231 2.38789
 254.00 1544.865 2.34782
 256.00 1520.161 2.31028
 258.00 1497.004 2.27508
 260.00 1475.274 2.24206
 262.00 1454.838 2.21100
 264.00 1435.570 2.18172
 266.00 1417.335 2.15401
 268.00 1400.007 2.12767
 270.00 1383.441 2.10249
 272.00 1367.535 2.07832
 274.00 1352.166 2.05496
 276.00 1337.232 2.03227
 278.00 1322.663 2.01013
 280.00 1308.388 1.98843
 282.00 1294.355 1.96710
 284.00 1280.535 1.94610
 286.00 1266.897 1.92538
 288.00 1253.428 1.90491
 290.00 1240.110 1.88467
 292.00 1226.928 1.86463
 294.00 1213.859 1.84477
 296.00 1200.890 1.82506
 298.00 1187.984 1.80545
 300.00 1175.120 1.78590
 302.00 1162.268 1.76636
 304.00 1149.396 1.74680
 306.00 1136.486 1.72718
 308.00 1123.525 1.70748
 310.00 1110.508 1.68770
 312.00 1097.431 1.66783
 314.00 1084.320 1.64790
 316.00 1071.178 1.62793
 318.00 1058.025 1.60794
 320.00 1044.878 1.58796
 322.00 1031.750 1.56801
 324.00 1018.636 1.54808
 326.00 1005.529 1.52816
 328.00 992.402 1.50821
 330.00 979.223 1.48818
 332.00 965.934 1.46798
 334.00 952.489 1.44755
 336.00 938.829 1.42679
 338.00 924.913 1.40564
 340.00 910.700 1.38404
 342.00 896.176 1.36197
 344.00 881.354 1.33944
 346.00 866.279 1.31653
 348.00 851.032 1.29336
 350.00 835.720 1.27009
 352.00 820.480 1.24693
 354.00 805.469 1.22412
 356.00 790.856 1.20191
 358.00 776.801 1.18055
 360.00 763.447 1.16025
 362.00 750.924 1.14122
 364.00 739.311 1.12357
 366.00 728.661 1.10739
 368.00 718.974 1.09267
 370.00 710.220 1.07936
 372.00 702.336 1.06738
 374.00 695.226 1.05658
 376.00 688.795 1.04680
 378.00 682.930 1.03789
 380.00 677.529 1.02968
 382.00 672.502 1.02204
 384.00 667.769 1.01485
 386.00 663.260 1.00799
 388.00 658.929 1.00141
 390.00 654.735 0.99504
 392.00 650.653 0.98883
 394.00 646.656 0.98276
 396.00 642.734 0.97680
 398.00 638.871 0.97093
 400.00 635.061 0.96514
 402.00 631.292 0.95941
 404.00 627.560 0.95374
 406.00 623.861 0.94812
 408.00 620.196 0.94255
 410.00 616.557 0.93702
 412.00 612.941 0.93152
 414.00 609.345 0.92606
 416.00 605.764 0.92061
 418.00 602.188 0.91518
 420.00 598.610 0.90974
 422.00 595.022 0.90429
 424.00 591.421 0.89882
 426.00 587.812 0.89333
 428.00 584.201 0.88784
 430.00 580.599 0.88237
 432.00 577.022 0.87693
 434.00 573.498 0.87158
 436.00 570.043 0.86633
 438.00 566.669 0.86120
 440.00 563.390 0.85622
 442.00 560.205 0.85138
 444.00 557.108 0.84667
 446.00 554.079 0.84207
 448.00 551.096 0.83753
 450.00 548.131 0.83303
 452.00 545.162 0.82851
 454.00 542.158 0.82395
 456.00 539.100 0.81930
 458.00 535.986 0.81457
 460.00 532.806 0.80974
 462.00 529.571 0.80482
 464.00 526.287 0.79983
 466.00 522.969 0.79479
 468.00 519.629 0.78971
 470.00 516.279 0.78462
 472.00 512.927 0.77952
 474.00 509.581 0.77444
 476.00 506.244 0.76937
 478.00 502.917 0.76431
 480.00 499.604 0.75928
 482.00 496.306 0.75426
 484.00 493.025 0.74928
 486.00 489.766 0.74433
 488.00 486.531 0.73941
 490.00 483.321 0.73453
 492.00 480.136 0.72969
 494.00 476.975 0.72489
 496.00 473.835 0.72011
 498.00 470.711 0.71537
 500.00 467.596 0.71063
 502.00 464.491 0.70591
 504.00 461.386 0.70119
 506.00 458.286 0.69648
 508.00 455.193 0.69178
 510.00 452.105 0.68709
 512.00 449.027 0.68241
 514.00 445.957 0.67775
 516.00 442.896 0.67309
 518.00 439.845 0.66846
 520.00 436.803 0.66383
 522.00 433.769 0.65922
 524.00 430.738 0.65462
 526.00 427.718 0.65003
 528.00 424.708 0.64545
 530.00 421.713 0.64090
 532.00 418.744 0.63639
 534.00 415.804 0.63192
 536.00 412.894 0.62750
 538.00 410.021 0.62313
 540.00 407.176 0.61881
 542.00 404.360 0.61453
 544.00 401.556 0.61027
 546.00 398.753 0.60601
 548.00 395.934 0.60172
 550.00 393.084 0.59739
 552.00 390.194 0.59300
 554.00 387.252 0.58853
 556.00 384.249 0.58397
 558.00 381.182 0.57930
 560.00 378.051 0.57455
 562.00 374.847 0.56968
 564.00 371.565 0.56469
 566.00 368.198 0.55957
 568.00 364.739 0.55431
 570.00 361.170 0.54889
 572.00 357.483 0.54329
 574.00 353.661 0.53748
 576.00 349.701 0.53146
 578.00 345.592 0.52522
 580.00 341.329 0.51874
 582.00 336.916 0.51203
 584.00 332.360 0.50511
 586.00 327.663 0.49797
 588.00 322.843 0.49064
 590.00 317.912 0.48315
 592.00 312.891 0.47552
 594.00 307.812 0.46780
 596.00 302.718 0.46006
 598.00 297.652 0.45236
 600.00 292.682 0.44481
 602.00 287.882 0.43751
 604.00 283.333 0.43060
 606.00 279.120 0.42419
 608.00 275.324 0.41843
 610.00 272.017 0.41340
 612.00 269.245 0.40919
 614.00 267.040 0.40584
 616.00 265.399 0.40334
 618.00 264.297 0.40167
 620.00 263.681 0.40073
 622.00 263.479 0.40042
 624.00 263.604 0.40061
 626.00 263.969 0.40117
 628.00 264.479 0.40194
 630.00 265.046 0.40281
 632.00 265.593 0.40364
 634.00 266.047 0.40433
 636.00 266.347 0.40478
 638.00 266.447 0.40493
 640.00 266.298 0.40471
 642.00 265.879 0.40407
 644.00 265.173 0.40300
 646.00 264.183 0.40149
 648.00 262.920 0.39957
 650.00 261.414 0.39729
 652.00 259.707 0.39469
 654.00 257.855 0.39188
 656.00 255.918 0.38893
 658.00 253.956 0.38595
 660.00 252.029 0.38302
 662.00 250.187 0.38022
 664.00 248.463 0.37760
 666.00 246.891 0.37521
 668.00 245.479 0.37307
 670.00 244.231 0.37117
 672.00 243.147 0.36952
 674.00 242.218 0.36811
 676.00 241.447 0.36694
 678.00 240.824 0.36599
 680.00 240.354 0.36528
 682.00 240.034 0.36479
 684.00 239.862 0.36453
 686.00 239.832 0.36449
 688.00 239.931 0.36464
 690.00 240.134 0.36495
 692.00 240.408 0.36536
 694.00 240.706 0.36581
 696.00 240.974 0.36622
 698.00 241.155 0.36650
 700.00 241.191 0.36655
 702.00 241.029 0.36630
 704.00 240.624 0.36569
 706.00 239.946 0.36466
 708.00 238.990 0.36321
 710.00 237.757 0.36133
 712.00 236.276 0.35908
 714.00 234.590 0.35652
 716.00 232.757 0.35373
 718.00 230.845 0.35083
 720.00 228.930 0.34792
 722.00 227.079 0.34511
 724.00 225.355 0.34248
 726.00 223.809 0.34014
 728.00 222.478 0.33811
 730.00 221.370 0.33643
 732.00 220.494 0.33510
 734.00 219.831 0.33409
 736.00 219.351 0.33336
 738.00 219.022 0.33286
 740.00 218.804 0.33253
 742.00 218.655 0.33230
 744.00 218.543 0.33213
 746.00 218.433 0.33197
 748.00 218.301 0.33176
 750.00 218.126 0.33150
 752.00 217.893 0.33114
 754.00 217.591 0.33069
 756.00 217.209 0.33010
 758.00 216.745 0.32940
 760.00 216.185 0.32855
 762.00 215.528 0.32755
 764.00 214.771 0.32640
 766.00 213.916 0.32510
 768.00 212.973 0.32367
 770.00 211.959 0.32213
 772.00 210.901 0.32052
 774.00 209.832 0.31889
 776.00 208.783 0.31730
 778.00 207.792 0.31579
 780.00 206.886 0.31442
 782.00 206.085 0.31320
 784.00 205.400 0.31216
 786.00 204.826 0.31129
 788.00 204.339 0.31055
 790.00 203.915 0.30990
 792.00 203.520 0.30930
 794.00 203.115 0.30869
 796.00 202.679 0.30802
 798.00 202.195 0.30729
 800.00 201.666 0.30648
 802.00 201.111 0.30564
 804.00 200.570 0.30482
 806.00 200.090 0.30409
 808.00 199.721 0.30353
 810.00 199.508 0.30320
 812.00 199.477 0.30316
 814.00 199.631 0.30339
 816.00 199.944 0.30387
 818.00 200.349 0.30448
 820.00 200.758 0.30510
 822.00 201.057 0.30556
 824.00 201.122 0.30566
 826.00 200.839 0.30523
 828.00 200.115 0.30413
 830.00 198.891 0.30227
 832.00 197.159 0.29963
 834.00 194.963 0.29630
 836.00 192.400 0.29240
 838.00 189.606 0.28816
 840.00 186.755 0.28382
 842.00 184.030 0.27968
 844.00 181.615 0.27601
 846.00 179.668 0.27305
 848.00 178.310 0.27099
 850.00 177.607 0.26992
 852.00 177.577 0.26987
 854.00 178.169 0.27077
 856.00 179.288 0.27247
 858.00 180.793 0.27476
 860.00 182.511 0.27737
 862.00 184.255 0.28002
 864.00 185.847 0.28244
 866.00 187.118 0.28437
 868.00 187.935 0.28562
 870.00 188.198 0.28602
 872.00 187.853 0.28549
 874.00 186.893 0.28403
 876.00 185.352 0.28169
 878.00 183.310 0.27859
 880.00 180.872 0.27488
 882.00 178.177 0.27079
 884.00 175.366 0.26651
 886.00 172.590 0.26230
 888.00 169.996 0.25835
 890.00 167.713 0.25488
 892.00 165.847 0.25205
 894.00 164.470 0.24996
 896.00 163.624 0.24867
 898.00 163.318 0.24820
 900.00 163.511 0.24850
 902.00 164.139 0.24945
 904.00 165.106 0.25092
 906.00 166.300 0.25274
 908.00 167.590 0.25470
 910.00 168.852 0.25661
 912.00 169.962 0.25830
 914.00 170.816 0.25960
 916.00 171.330 0.26038
 918.00 171.446 0.26056
 920.00 171.138 0.26009
 922.00 170.412 0.25898
 924.00 169.298 0.25729
 926.00 167.854 0.25510
 928.00 166.160 0.25252
 930.00 164.309 0.24971
 932.00 162.402 0.24681
 934.00 160.542 0.24398
 936.00 158.821 0.24137
 938.00 157.319 0.23909
 940.00 156.095 0.23723
 942.00 155.186 0.23585
 944.00 154.603 0.23496
 946.00 154.331 0.23455
 948.00 154.333 0.23455
 950.00 154.553 0.23488
 952.00 154.920 0.23544
 954.00 155.355 0.23610
 956.00 155.782 0.23675
 958.00 156.122 0.23727
 960.00 156.318 0.23757
 962.00 156.324 0.23757
 964.00 156.113 0.23725
 966.00 155.680 0.23660
 968.00 155.042 0.23563
 970.00 154.231 0.23439
 972.00 153.296 0.23297
 974.00 152.291 0.23145
 976.00 151.275 0.22990
 978.00 150.296 0.22841
 980.00 149.397 0.22705
 982.00 148.603 0.22584
 984.00 147.928 0.22481
 986.00 147.359 0.22395
 988.00 146.877 0.22322
 990.00 146.455 0.22258
 992.00 146.060 0.22198
 994.00 145.666 0.22138
 996.00 145.248 0.22074
 998.00 144.797 0.22006
1000.00 144.308 0.21931
1002.00 143.793 0.21853
1004.00 143.261 0.21772
1006.00 142.730 0.21691
1008.00 142.202 0.21611
1010.00 141.678 0.21532
1012.00 141.149 0.21451
1014.00 140.593 0.21367
1016.00 139.991 0.21275
1018.00 139.315 0.21172
1020.00 138.546 0.21056
1022.00 137.683 0.20924
1024.00 136.735 0.20780
1026.00 135.732 0.20628
1028.00 134.717 0.20474
1030.00 133.754 0.20327
1032.00 132.908 0.20199
1034.00 132.243 0.20098
1036.00 131.812 0.20032
1038.00 131.655 0.20008
1040.00 131.785 0.20028
1042.00 132.182 0.20088
1044.00 132.801 0.20183
1046.00 133.570 0.20299
1048.00 134.394 0.20425
1050.00 135.165 0.20542
1052.00 135.770 0.20634
1054.00 136.104 0.20685
1056.00 136.076 0.20680
1058.00 135.625 0.20612
1060.00 134.719 0.20474
1062.00 133.371 0.20269
1064.00 131.623 0.20004
1066.00 129.560 0.19690
1068.00 127.288 0.19345
1070.00 124.934 0.18987
1072.00 122.634 0.18637
1074.00 120.521 0.18316
1076.00 118.713 0.18041
1078.00 117.301 0.17827
1080.00 116.352 0.17683
1082.00 115.893 0.17613
1084.00 115.925 0.17618
1086.00 116.414 0.17692
1088.00 117.290 0.17825
1090.00 118.469 0.18004
1092.00 119.845 0.18214
1094.00 121.298 0.18434
1096.00 122.707 0.18648
1098.00 123.948 0.18837
1100.00 124.910 0.18983
1102.00 125.496 0.19072
1104.00 125.627 0.19092
1106.00 125.249 0.19035
1108.00 124.338 0.18896
1110.00 122.899 0.18678
1112.00 120.963 0.18383
1114.00 118.589 0.18023
1116.00 115.855 0.17607
1118.00 112.860 0.17152
1120.00 109.710 0.16673
1122.00 106.509 0.16187
1124.00 103.355 0.15708
1126.00 100.336 0.15249
1128.00  97.528 0.14822
1130.00  94.986 0.14436
1132.00  92.747 0.14095
1134.00  90.834 0.13805
1136.00  89.259 0.13565
1138.00  88.020 0.13377
1140.00  87.111 0.13239
1142.00  86.519 0.13149
1144.00  86.226 0.13104
1146.00  86.213 0.13102
1148.00  86.451 0.13138
1150.00  86.903 0.13207
1152.00  87.527 0.13302
1154.00  88.267 0.13414
1156.00  89.059 0.13535
1158.00  89.833 0.13652
1160.00  90.515 0.13756
1162.00  91.033 0.13835
1164.00  91.320 0.13878
1166.00  91.320 0.13878
1168.00  90.992 0.13829
1170.00  90.313 0.13725
1172.00  89.277 0.13568
1174.00  87.903 0.13359
1176.00  86.221 0.13104
1178.00  84.285 0.12809
1180.00  82.157 0.12486
1182.00  79.917 0.12145
1184.00  77.646 0.11800
1186.00  75.442 0.11465
1188.00  73.396 0.11154
1190.00  71.609 0.10883
1192.00  70.173 0.10665
1194.00  69.173 0.10513
1196.00  68.679 0.10438
1198.00  68.739 0.10447
1200.00  69.372 0.10543
1202.00  70.568 0.10725
1204.00  72.275 0.10984
1206.00  74.404 0.11308
1208.00  76.831 0.11676
1210.00  79.408 0.12068
1212.00  81.962 0.12456
1214.00  84.320 0.12815
1216.00  86.318 0.13118
1218.00  87.815 0.13346
1220.00  88.710 0.13482
1222.00  88.947 0.13518
1224.00  88.528 0.13454
1226.00  87.503 0.13298
1228.00  85.976 0.13066
1230.00  84.090 0.12780
1232.00  82.012 0.12464
1234.00  79.922 0.12146
1236.00  77.999 0.11854
1238.00  76.395 0.11610
1240.00  75.233 0.11434
1242.00  74.594 0.11336
1244.00  74.512 0.11324
1246.00  74.973 0.11394
1248.00  75.922 0.11538
1250.00  77.267 0.11743
1252.00  78.893 0.11990
1254.00  80.674 0.12260
1256.00  82.480 0.12535
1258.00  84.198 0.12796
1260.00  85.731 0.13029
1262.00  87.011 0.13224
1264.00  87.996 0.13373
1266.00  88.668 0.13475
1268.00  89.034 0.13531
1270.00  89.112 0.13543
1272.00  88.935 0.13516
1274.00  88.529 0.13454
1276.00  87.921 0.13362
1278.00  87.134 0.13242
1280.00  86.180 0.13097
1282.00  85.072 0.12929
1284.00  83.820 0.12739
1286.00  82.440 0.12529
1288.00  80.957 0.12303
1290.00  79.403 0.12067
1292.00  77.824 0.11827
1294.00  76.275 0.11592
1296.00  74.812 0.11370
1298.00  73.496 0.11170
1300.00  72.378 0.11000
1302.00  71.499 0.10866
1304.00  70.888 0.10773
1306.00  70.556 0.10723
1308.00  70.499 0.10714
1310.00  70.704 0.10745
1312.00  71.145 0.10812
1314.00  71.790 0.10910
1316.00  72.606 0.11034
1318.00  73.558 0.11179
1320.00  74.615 0.11340
1322.00  75.743 0.11511
1324.00  76.910 0.11689
1326.00  78.079 0.11866
1328.00  79.214 0.12039
1330.00  80.272 0.12199
1332.00  81.208 0.12342
1334.00  81.978 0.12459
1336.00  82.542 0.12544
1338.00  82.864 0.12593
1340.00  82.915 0.12601
1342.00  82.678 0.12565
1344.00  82.154 0.12485
1346.00  81.348 0.12363
1348.00  80.283 0.12201
1350.00  78.988 0.12004
1352.00  77.500 0.11778
1354.00  75.856 0.11528
1356.00  74.097 0.11261
1358.00  72.262 0.10982
1360.00  70.392 0.10698
1362.00  68.525 0.10414
1364.00  66.705 0.10138
1366.00  64.976 0.09875
1368.00  63.387 0.09633
1370.00  61.989 0.09421
1372.00  60.841 0.09246
1374.00  59.995 0.09118
1376.00  59.505 0.09043
1378.00  59.415 0.09030
1380.00  59.748 0.09080
1382.00  60.516 0.09197
1384.00  61.702 0.09377
1386.00  63.266 0.09615
1388.00  65.143 0.09900
1390.00  67.239 0.10219
1392.00  69.449 0.10555
1394.00  71.645 0.10888
1396.00  73.704 0.11201
1398.00  75.503 0.11475
1400.00  76.941 0.11693
1402.00  77.934 0.11844
1404.00  78.435 0.11920
1406.00  78.429 0.11919
1408.00  77.940 0.11845
1410.00  77.021 0.11705
1412.00  75.756 0.11513
1414.00  74.249 0.11284
1416.00  72.619 0.11036
1418.00  70.985 0.10788
1420.00  69.466 0.10557
1422.00  68.161 0.10359
1424.00  67.157 0.10206
1426.00  66.514 0.10108
1428.00  66.269 0.10071
1430.00  66.436 0.10097
1432.00  67.004 0.10183
1434.00  67.937 0.10325
1436.00  69.186 0.10515
1438.00  70.685 0.10742
1440.00  72.356 0.10996
1442.00  74.111 0.11263
1444.00  75.860 0.11529
1446.00  77.512 0.11780
1448.00  78.982 0.12003
1450.00  80.187 0.12187
1452.00  81.062 0.12319
1454.00  81.553 0.12394
1456.00  81.624 0.12405
1458.00  81.260 0.12349
1460.00  80.464 0.12229
1462.00  79.264 0.12046
1464.00  77.704 0.11809
1466.00  75.843 0.11526
1468.00  73.760 0.11210
1470.00  71.537 0.10872
1472.00  69.262 0.10526
1474.00  67.024 0.10186
1476.00  64.913 0.09865
1478.00  63.002 0.09575
1480.00  61.358 0.09325
1482.00  60.035 0.09124
1484.00  59.067 0.08977
1486.00  58.475 0.08887
1488.00  58.258 0.08854
1490.00  58.402 0.08876
1492.00  58.872 0.08947
1494.00  59.619 0.09061
1496.00  60.582 0.09207
1498.00  61.687 0.09375
1500.00  62.855 0.09552
1502.00  64.009 0.09728
1504.00  65.073 0.09890
1506.00  65.986 0.10028
1508.00  66.702 0.10137
1510.00  67.196 0.10212
1512.00  67.465 0.10253
1514.00  67.524 0.10262
1516.00  67.412 0.10245
1518.00  67.170 0.10208
1520.00  66.850 0.10160
1522.00  66.492 0.10105
1524.00  66.135 0.10051
1526.00  65.795 0.09999
1528.00  65.476 0.09951
1530.00  65.164 0.09903
1532.00  64.835 0.09853
1534.00  64.459 0.09796
1536.00  64.004 0.09727
1538.00  63.445 0.09642
1540.00  62.771 0.09540
1542.00  61.985 0.09420
1544.00  61.104 0.09286
1546.00  60.159 0.09143
1548.00  59.192 0.08996
1550.00  58.251 0.08853
1552.00  57.379 0.08720
1554.00  56.620 0.08605
1556.00  56.005 0.08511
1558.00  55.557 0.08443
1560.00  55.287 0.08402
1562.00  55.197 0.08389
1564.00  55.284 0.08402
1566.00  55.532 0.08439
1568.00  55.930 0.08500
1570.00  56.463 0.08581
1572.00  57.114 0.08680
1574.00  57.870 0.08795
1576.00  58.714 0.08923
1578.00  59.633 0.09063
1580.00  60.612 0.09212
1582.00  61.635 0.09367
1584.00  62.686 0.09527
1586.00  63.751 0.09689
1588.00  64.811 0.09850
1590.00  65.849 0.10007
1592.00  66.849 0.10159
1594.00  67.793 0.10303
1596.00  68.661 0.10435
1598.00  69.432 0.10552
1600.00  70.089 0.10652
1602.00  70.610 0.10731
1604.00  70.980 0.10787
1606.00  71.181 0.10818
1608.00  71.203 0.10821
1610.00  71.039 0.10796
1612.00  70.687 0.10743
1614.00  70.151 0.10661
1616.00  69.439 0.10553
1618.00  68.567 0.10420
1620.00  67.553 0.10266
1622.00  66.422 0.10095
1624.00  65.203 0.09909
1626.00  63.930 0.09716
1628.00  62.638 0.09519
1630.00  61.368 0.09326
1632.00  60.160 0.09143
1634.00  59.059 0.08976
1636.00  58.104 0.08830
1638.00  57.331 0.08713
1640.00  56.772 0.08628
1642.00  56.444 0.08578
1644.00  56.358 0.08565
1646.00  56.504 0.08587
1648.00  56.862 0.08642
1650.00  57.391 0.08722
1652.00  58.041 0.08821
1654.00  58.747 0.08928
1656.00  59.438 0.09033
1658.00  60.044 0.09125
1660.00  60.500 0.09194
1662.00  60.747 0.09232
1664.00  60.744 0.09232
1666.00  60.465 0.09189
1668.00  59.907 0.09104
1670.00  59.080 0.08979
1672.00  58.012 0.08816
1674.00  56.749 0.08624
1676.00  55.336 0.08410
1678.00  53.833 0.08181
1680.00  52.295 0.07948
1682.00  50.779 0.07717
1684.00  49.335 0.07498
1686.00  48.010 0.07296
1688.00  46.847 0.07120
1690.00  45.882 0.06973
1692.00  45.146 0.06861
1694.00  44.670 0.06789
1696.00  44.476 0.06759
1698.00  44.583 0.06776
1700.00  45.002 0.06839
1702.00  45.739 0.06951
1704.00  46.788 0.07111
1706.00  48.137 0.07316
1708.00  49.754 0.07561
1710.00  51.603 0.07842
1712.00  53.629 0.08150
1714.00  55.767 0.08475
1716.00  57.941 0.08806
1718.00  60.073 0.09130
1720.00  62.078 0.09434
1722.00  63.881 0.09708
1724.00  65.414 0.09941
1726.00  66.621 0.10125
1728.00  67.474 0.10254
1730.00  67.961 0.10328
1732.00  68.099 0.10349
1734.00  67.924 0.10323
1736.00  67.491 0.10257
1738.00  66.867 0.10162
1740.00  66.124 0.10049
1742.00  65.331 0.09929
1744.00  64.548 0.09810
1746.00  63.820 0.09699
1748.00  63.176 0.09601
1750.00  62.623 0.09517
1752.00  62.153 0.09446
1754.00  61.748 0.09384
1756.00  61.382 0.09329
1758.00  61.026 0.09274
1760.00  60.653 0.09218
1762.00  60.245 0.09156
1764.00  59.791 0.09087
1766.00  59.285 0.09010
1768.00  58.728 0.08925
1770.00  58.121 0.08833
1772.00  57.467 0.08734
1774.00  56.761 0.08626
1776.00  55.999 0.08510
1778.00  55.170 0.08384
1780.00  54.264 0.08247
1782.00  53.276 0.08097
1784.00  52.203 0.07934
1786.00  51.051 0.07759
1788.00  49.838 0.07574
1790.00  48.589 0.07384
1792.00  47.339 0.07194
1794.00  46.126 0.07010
1796.00  44.991 0.06838
1798.00  43.977 0.06683
1800.00  43.116 0.06553
1802.00  42.434 0.06449
1804.00  41.953 0.06376
1806.00  41.683 0.06335
1808.00  41.631 0.06327
1810.00  41.794 0.06352
1812.00  42.169 0.06409
1814.00  42.751 0.06497
1816.00  43.532 0.06616
1818.00  44.501 0.06763
1820.00  45.646 0.06937
1822.00  46.950 0.07135
1824.00  48.390 0.07354
1826.00  49.935 0.07589
1828.00  51.547 0.07834
1830.00  53.187 0.08083
1832.00  54.804 0.08329
1834.00  56.353 0.08564
1836.00  57.783 0.08782
1838.00  59.052 0.08974
1840.00  60.120 0.09137
1842.00  60.958 0.09264
1844.00  61.540 0.09353
1846.00  61.851 0.09400
1848.00  61.879 0.09404
1850.00  61.619 0.09365
1852.00  61.069 0.09281
1854.00  60.234 0.09154
1856.00  59.126 0.08986
1858.00  57.765 0.08779
1860.00  56.183 0.08538
1862.00  54.423 0.08271
1864.00  52.543 0.07985
1866.00  50.611 0.07692
1868.00  48.710 0.07403
1870.00  46.922 0.07131
1872.00  45.335 0.06890
1874.00  44.028 0.06691
1876.00  43.063 0.06544
1878.00  42.485 0.06457
1880.00  42.313 0.06431
1882.00  42.542 0.06465
1884.00  43.137 0.06556
1886.00  44.042 0.06693
1888.00  45.179 0.06866
1890.00  46.463 0.07061
1892.00  47.798 0.07264
1894.00  49.094 0.07461
1896.00  50.267 0.07639
1898.00  51.250 0.07789
1900.00  51.993 0.07902
1902.00  52.468 0.07974
1904.00  52.662 0.08003
1906.00  52.587 0.07992
1908.00  52.271 0.07944
1910.00  51.753 0.07865
1912.00  51.081 0.07763
1914.00  50.305 0.07645
1916.00  49.476 0.07519
1918.00  48.642 0.07392
1920.00  47.843 0.07271
1922.00  47.113 0.07160
1924.00  46.480 0.07064
1926.00  45.963 0.06985
1928.00  45.583 0.06927
1930.00  45.353 0.06893
1932.00  45.291 0.06883
1934.00  45.413 0.06902
1936.00  45.737 0.06951
1938.00  46.276 0.07033
1940.00  47.042 0.07149
1942.00  48.037 0.07300
1944.00  49.252 0.07485
1946.00  50.662 0.07699
1948.00  52.226 0.07937
1950.00  53.882 0.08189
1952.00  55.554 0.08443
1954.00  57.152 0.08686
1956.00  58.580 0.08903
1958.00  59.743 0.09079
1960.00  60.550 0.09202
1962.00  60.927 0.09259
1964.00  60.824 0.09244
1966.00  60.215 0.09151
1968.00  59.108 0.08983
1970.00  57.541 0.08745
1972.00  55.581 0.08447
1974.00  53.323 0.08104
1976.00  50.878 0.07732
1978.00  48.366 0.07350
1980.00  45.909 0.06977
1982.00  43.621 0.06629
1984.00  41.595 0.06321
1986.00  39.905 0.06065
1988.00  38.590 0.05865
1990.00  37.659 0.05723
1992.00  37.095 0.05638
1994.00  36.852 0.05601
1996.00  36.867 0.05603
1998.00  37.067 0.05633
2000.00  37.371 0.05680
2002.00  37.712 0.05731
2004.00  38.031 0.05780
2006.00  38.285 0.05818
2008.00  38.454 0.05844
2010.00  38.535 0.05856
2012.00  38.539 0.05857
2014.00  38.491 0.05850
2016.00  38.420 0.05839
2018.00  38.356 0.05829
2020.00  38.327 0.05825
2022.00  38.354 0.05829
2024.00  38.455 0.05844
2026.00  38.645 0.05873
2028.00  38.932 0.05917
2030.00  39.329 0.05977
2032.00  39.843 0.06055
2034.00  40.488 0.06153
2036.00  41.271 0.06272
2038.00  42.199 0.06413
2040.00  43.269 0.06576
2042.00  44.468 0.06758
2044.00  45.766 0.06955
2046.00  47.120 0.07161
2048.00  48.471 0.07366
2050.00  49.754 0.07561
2052.00  50.897 0.07735
2054.00  51.839 0.07878
2056.00  52.529 0.07983
2058.00  52.941 0.08046
2060.00  53.078 0.08067
2062.00  52.968 0.08050
2064.00  52.670 0.08005
2066.00  52.263 0.07943
2068.00  51.839 0.07878
2070.00  51.488 0.07825
2072.00  51.289 0.07795
2074.00  51.297 0.07796
2076.00  51.534 0.07832
2078.00  51.987 0.07901
2080.00  52.607 0.07995
2082.00  53.312 0.08102
2084.00  54.003 0.08207
2086.00  54.570 0.08293
2088.00  54.910 0.08345
2090.00  54.936 0.08349
2092.00  54.596 0.08297
2094.00  53.866 0.08186
2096.00  52.763 0.08019
2098.00  51.341 0.07803
2100.00  49.678 0.07550
2102.00  47.872 0.07275
2104.00  46.018 0.06994
2106.00  44.210 0.06719
2108.00  42.518 0.06462
2110.00  40.992 0.06230
2112.00  39.649 0.06026
2114.00  38.481 0.05848
2116.00  37.461 0.05693
2118.00  36.546 0.05554
2120.00  35.694 0.05425
2122.00  34.869 0.05299
2124.00  34.050 0.05175
2126.00  33.236 0.05051
2128.00  32.448 0.04931
2130.00  31.725 0.04821
2132.00  31.124 0.04730
2134.00  30.704 0.04666
2136.00  30.524 0.04639
2138.00  30.628 0.04655
2140.00  31.042 0.04718
2142.00  31.765 0.04827
2144.00  32.771 0.04980
2146.00  34.009 0.05169
2148.00  35.403 0.05380
2150.00  36.864 0.05602
2152.00  38.297 0.05820
2154.00  39.615 0.06021
2156.00  40.736 0.06191
2158.00  41.603 0.06323
2160.00  42.183 0.06411
2162.00  42.470 0.06454
2164.00  42.482 0.06456
2166.00  42.262 0.06423
2168.00  41.870 0.06363
2170.00  41.376 0.06288
2172.00  40.848 0.06208
2174.00  40.352 0.06133
2176.00  39.942 0.06070
2178.00  39.654 0.06026
2180.00  39.508 0.06004
2182.00  39.506 0.06004
2184.00  39.635 0.06024
2186.00  39.871 0.06059
2188.00  40.181 0.06106
2190.00  40.530 0.06160
2192.00  40.886 0.06214
2194.00  41.221 0.06265
2196.00  41.516 0.06309
2198.00  41.759 0.06346
2200.00  41.945 0.06375
2202.00  42.076 0.06395
2204.00  42.157 0.06407
2206.00  42.195 0.06413
2208.00  42.193 0.06412
2210.00  42.153 0.06406
2212.00  42.073 0.06394
2214.00  41.945 0.06375
2216.00  41.762 0.06347
2218.00  41.514 0.06309
2220.00  41.193 0.06260
2222.00  40.800 0.06201
2224.00  40.342 0.06131
2226.00  39.839 0.06055
2228.00  39.319 0.05976
2230.00  38.823 0.05900
2232.00  38.398 0.05835
2234.00  38.093 0.05789
2236.00  37.959 0.05769
2238.00  38.040 0.05781
2240.00  38.367 0.05831
2242.00  38.959 0.05921
2244.00  39.814 0.06051
2246.00  40.910 0.06217
2248.00  42.210 0.06415
2250.00  43.651 0.06634
2252.00  45.158 0.06863
2254.00  46.643 0.07089
2256.00  48.014 0.07297
2258.00  49.176 0.07474
2260.00  50.047 0.07606
2262.00  50.552 0.07683
2264.00  50.641 0.07696
2266.00  50.287 0.07642
2268.00  49.490 0.07521
2270.00  48.283 0.07338
2272.00  46.721 0.07100
2274.00  44.882 0.06821
2276.00  42.858 0.06513
2278.00  40.754 0.06194
2280.00  38.666 0.05876
2282.00  36.686 0.05575
2284.00  34.886 0.05302
2286.00  33.322 0.05064
2288.00  32.023 0.04867
2290.00  30.999 0.04711
2292.00  30.237 0.04595
2294.00  29.711 0.04515
2296.00  29.387 0.04466
2298.00  29.225 0.04441
2300.00  29.187 0.04436
2302.00  29.238 0.04444
2304.00  29.354 0.04461
2306.00  29.513 0.04485
2308.00  29.703 0.04514
2310.00  29.919 0.04547
2312.00  30.153 0.04583
2314.00  30.405 0.04621
2316.00  30.672 0.04661
2318.00  30.951 0.04704
2320.00  31.236 0.04747
2322.00  31.522 0.04791
2324.00  31.806 0.04834
2326.00  32.084 0.04876
2328.00  32.355 0.04917
2330.00  32.623 0.04958
2332.00  32.896 0.04999
2334.00  33.186 0.05043
2336.00  33.505 0.05092
2338.00  33.870 0.05147
2340.00  34.298 0.05212
2342.00  34.796 0.05288
2344.00  35.374 0.05376
2346.00  36.025 0.05475
2348.00  36.741 0.05584
2350.00  37.496 0.05698
2352.00  38.259 0.05814
2354.00  38.990 0.05926
2356.00  39.641 0.06025
2358.00  40.165 0.06104
2360.00  40.516 0.06157
2362.00  40.656 0.06179
2364.00  40.559 0.06164
2366.00  40.215 0.06112
2368.00  39.632 0.06023
2370.00  38.839 0.05903
2372.00  37.882 0.05757
2374.00  36.821 0.05596
2376.00  35.728 0.05430
2378.00  34.674 0.05270
2380.00  33.726 0.05125
2382.00  32.938 0.05006
2384.00  32.350 0.04916
2386.00  31.976 0.04860
2388.00  31.809 0.04834
2390.00  31.820 0.04836
2392.00  31.963 0.04858
2394.00  32.179 0.04890
2396.00  32.408 0.04925
2398.00  32.594 0.04953
2400.00  32.691 0.04968
2402.00  32.674 0.04966
2404.00  32.541 0.04945
2406.00  32.311 0.04910
2408.00  32.028 0.04867
2410.00  31.753 0.04826
2412.00  31.558 0.04796
2414.00  31.515 0.04789
2416.00  31.689 0.04816
2418.00  32.130 0.04883
2420.00  32.858 0.04994
2422.00  33.870 0.05147
2424.00  35.127 0.05338
2426.00  36.562 0.05557
2428.00  38.085 0.05788
2430.00  39.587 0.06016
2432.00  40.953 0.06224
2434.00  42.078 0.06395
2436.00  42.869 0.06515
2438.00  43.258 0.06574
2440.00  43.214 0.06568
2442.00  42.742 0.06496
2444.00  41.883 0.06365
2446.00  40.713 0.06187
2448.00  39.330 0.05977
2450.00  37.852 0.05753
2452.00  36.397 0.05531
2454.00  35.076 0.05331
2456.00  33.978 0.05164
2458.00  33.165 0.05040
2460.00  32.660 0.04963
2462.00  32.450 0.04932
2464.00  32.489 0.04937
2466.00  32.695 0.04969
2468.00  32.970 0.05011
2470.00  33.202 0.05046
2472.00  33.282 0.05058
2474.00  33.112 0.05032
2476.00  32.615 0.04957
2478.00  31.743 0.04824
2480.00  30.478 0.04632
2482.00  28.836 0.04382
2484.00  26.859 0.04082
2486.00  24.613 0.03741
2488.00  22.178 0.03371
2490.00  19.643 0.02985
2492.00  17.096 0.02598
2494.00  14.619 0.02222
2496.00  12.280 0.01866
2498.00  10.130 0.01540
2500.00   8.208 0.01247
