0.00000 1.00000 0.92893 1.00000
0.01801 0.88065 0.86366 0.82869
0.03603 0.75642 0.76417 0.69118
0.05404 0.65089 0.65670 0.58150
0.07205 0.55588 0.55964 0.49468
0.09007 0.46824 0.47075 0.42658
0.10808 0.38349 0.38997 0.37375
0.12609 0.31284 0.31869 0.33333
0.14411 0.25355 0.25756 0.30296
0.16212 0.20160 0.20525 0.28068
0.18013 0.15571 0.16164 0.26486
0.19815 0.12219 0.12771 0.25419
0.21616 0.09903 0.10426 0.24758
0.23417 0.08585 0.09101 0.24412
0.25218 0.08249 0.08739 0.24311
0.27020 0.08927 0.09185 0.24395
0.28821 0.10028 0.10247 0.24616
0.30622 0.11549 0.11774 0.24937
0.32424 0.13479 0.13742 0.25327
0.34225 0.15986 0.16099 0.25762
0.36026 0.18636 0.18778 0.26223
0.37828 0.21598 0.21676 0.26695
0.39629 0.24708 0.24685 0.27168
0.41430 0.27815 0.27620 0.27632
0.43232 0.30434 0.30371 0.28082
0.45033 0.33034 0.32853 0.28514
0.46834 0.35256 0.35033 0.28923
0.48636 0.37002 0.36873 0.29309
0.50437 0.38570 0.38356 0.29670
0.52238 0.39682 0.39493 0.30007
0.54040 0.40444 0.40262 0.30318
0.55841 0.40867 0.40690 0.30606
0.57642 0.40888 0.40858 0.30871
0.59444 0.40958 0.40812 0.31113
0.61245 0.40646 0.40616 0.31335
0.63046 0.40355 0.40264 0.31537
0.64848 0.39847 0.39788 0.31720
0.66649 0.39239 0.39185 0.31887
0.68450 0.38539 0.38476 0.32037
0.70252 0.37652 0.37724 0.32174
0.72053 0.37018 0.36954 0.32297
0.73854 0.36127 0.36241 0.32407
0.75655 0.35578 0.35577 0.32507
0.77457 0.34945 0.35009 0.32597
0.79258 0.34473 0.34524 0.32677
0.81059 0.34083 0.34142 0.32749
0.82861 0.33825 0.33854 0.32813
0.84662 0.33585 0.33670 0.32871
0.86463 0.33548 0.33581 0.32923
0.88265 0.33574 0.33557 0.32969
0.90066 0.33527 0.33568 0.33010
0.91867 0.33609 0.33580 0.33046
0.93669 0.33611 0.33579 0.33079
0.95470 0.33528 0.33555 0.33108
0.97271 0.33541 0.33515 0.33134
0.99073 0.33458 0.33476 0.33156
1.00874 0.33465 0.33401 0.33177
1.02675 0.33282 0.33296 0.33195
1.04477 0.33178 0.33143 0.33211
1.06278 0.32985 0.32950 0.33225
1.08079 0.32708 0.32729 0.33238
1.09881 0.32495 0.32502 0.33249
1.11682 0.32304 0.32283 0.33259
1.13483 0.32025 0.32083 0.33268
1.15285 0.31937 0.31883 0.33275
1.17086 0.31660 0.31713 0.33282
1.18887 0.31520 0.31583 0.33288
1.20689 0.31551 0.31501 0.33294
1.22490 0.31379 0.31488 0.33298
1.24291 0.31510 0.31541 0.33302
1.26092 0.31673 0.31658 0.33306
1.27894 0.31826 0.31767 0.33309
1.29695 0.31767 0.31901 0.33312
1.31496 0.32107 0.32071 0.33315
1.33298 0.32291 0.32288 0.33317
1.35099 0.32480 0.32506 0.33319
1.36900 0.32742 0.32725 0.33321
1.38702 0.32955 0.32942 0.33322
1.40503 0.33140 0.33147 0.33324
1.42304 0.33347 0.33350 0.33325
1.44106 0.33554 0.33553 0.33326
1.45907 0.33783 0.33727 0.33327
1.47708 0.33863 0.33866 0.33327
1.49510 0.33959 0.33988 0.33328
1.51311 0.34150 0.34091 0.33329
1.53112 0.34188 0.34155 0.33329
1.54914 0.34162 0.34174 0.33330
1.56715 0.34172 0.34179 0.33330
1.58516 0.34208 0.34176 0.33331
1.60318 0.34153 0.34153 0.33331
1.62119 0.34126 0.34094 0.33331
1.63920 0.34008 0.34021 0.33332
1.65722 0.33929 0.33947 0.33332
1.67523 0.33899 0.33875 0.33332
1.69324 0.33808 0.33791 0.33332
1.71126 0.33677 0.33694 0.33332
1.72927 0.33592 0.33601 0.33332
1.74728 0.33523 0.33523 0.33333
1.76529 0.33455 0.33446 0.33333
1.78331 0.33360 0.33370 0.33333
1.80132 0.33293 0.33300 0.33333
1.81933 0.33236 0.33246 0.33333
1.83735 0.33200 0.33211 0.33333
1.85536 0.33184 0.33191 0.33333
1.87337 0.33192 0.33173 0.33333
1.89139 0.33142 0.33158 0.33333
1.90940 0.33137 0.33151 0.33333
1.92741 0.33160 0.33161 0.33333
1.94543 0.33187 0.33173 0.33333
1.96344 0.33174 0.33181 0.33333
1.98145 0.33183 0.33191 0.33333
1.99947 0.33210 0.33205 0.33333
2.01748 0.33223 0.33222 0.33333
2.03549 0.33234 0.33238 0.33333
2.05351 0.33260 0.33253 0.33333
2.07152 0.33266 0.33268 0.33333
2.08953 0.33279 0.33282 0.33333
2.10755 0.33302 0.33293 0.33333
2.12556 0.33298 0.33301 0.33333
2.14357 0.33308 0.33304 0.33333
2.16159 0.33305 0.33306 0.33333
2.17960 0.33310 0.33307 0.33333
2.19761 0.33301 0.33309 0.33333
2.21563 0.33318 0.33309 0.33333
2.23364 0.33306 0.33309 0.33333
2.25165 0.33307 0.33306 0.33333
2.26966 0.33300 0.33307 0.33333
2.28768 0.33315 0.33311 0.33333
2.30569 0.33318 0.33315 0.33333
2.32370 0.33314 0.33316 0.33333
2.34172 0.33313 0.33318 0.33333
2.35973 0.33325 0.33322 0.33333
2.37774 0.33324 0.33328 0.33333
2.39576 0.33337 0.33332 0.33333
2.41377 0.33334 0.33336 0.33333
2.43178 0.33340 0.33339 0.33333
2.44980 0.33342 0.33344 0.33333
2.46781 0.33352 0.33349 0.33333
2.48582 0.33354 0.33354 0.33333
2.50384 0.33356 0.33356 0.33333
2.52185 0.33359 0.33359 0.33333
2.53986 0.33361 0.33360 0.33333
2.55788 0.33357 0.33361 0.33333
2.57589 0.33365 0.33361 0.33333
2.59390 0.33361 0.33360 0.33333
2.61192 0.33358 0.33357 0.33333
2.62993 0.33352 0.33354 0.33333
2.64794 0.33355 0.33351 0.33333
2.66596 0.33346 0.33349 0.33333
2.68397 0.33348 0.33345 0.33333
2.70198 0.33340 0.33342 0.33333
2.71999 0.33341 0.33339 0.33333
2.73801 0.33336 0.33337 0.33333
2.75602 0.33335 0.33334 0.33333
2.77403 0.33330 0.33332 0.33333
2.79205 0.33331 0.33330 0.33333
2.81006 0.33327 0.33328 0.33333
2.82807 0.33329 0.33327 0.33333
2.84609 0.33325 0.33327 0.33333
2.86410 0.33328 0.33326 0.33333
2.88211 0.33324 0.33327 0.33333
2.90013 0.33328 0.33327 0.33333
2.91814 0.33326 0.33328 0.33333
2.93615 0.33331 0.33328 0.33333
2.95417 0.33327 0.33329 0.33333
2.97218 0.33332 0.33330 0.33333
2.99019 0.33328 0.33330 0.33333
3.00821 0.33332 0.33330 0.33333
3.02622 0.33329 0.33331 0.33333
3.04423 0.33334 0.33332 0.33333
3.06225 0.33331 0.33332 0.33333
3.08026 0.33335 0.33333 0.33333
3.09827 0.33331 0.33333 0.33333
3.11629 0.33335 0.33333 0.33333
3.13430 0.33331 0.33333 0.33333
3.15231 0.33335 0.33333 0.33333
3.17033 0.33332 0.33334 0.33333
3.18834 0.33336 0.33334 0.33333
3.20635 0.33332 0.33334 0.33333
3.22436 0.33336 0.33334 0.33333
3.24238 0.33332 0.33334 0.33333
3.26039 0.33336 0.33334 0.33333
3.27840 0.33332 0.33334 0.33333
3.29642 0.33335 0.33333 0.33333
3.31443 0.33332 0.33334 0.33333
3.33244 0.33335 0.33333 0.33333
3.35046 0.33331 0.33334 0.33333
3.36847 0.33335 0.33333 0.33333
3.38648 0.33331 0.33334 0.33333
3.40450 0.33336 0.33333 0.33333
3.42251 0.33331 0.33334 0.33333
3.44052 0.33335 0.33333 0.33333
3.45854 0.33331 0.33334 0.33333
3.47655 0.33336 0.33333 0.33333
3.49456 0.33331 0.33334 0.33333
3.51258 0.33336 0.33333 0.33333
3.53059 0.33332 0.33334 0.33333
3.54860 0.33336 0.33333 0.33333
3.56662 0.33332 0.33334 0.33333
3.58463 0.33336 0.33333 0.33333
3.60264 0.33331 0.33334 0.33333
3.62066 0.33336 0.33333 0.33333
3.63867 0.33331 0.33334 0.33333
3.65668 0.33336 0.33333 0.33333
3.67470 0.33331 0.33334 0.33333
3.69271 0.33335 0.33333 0.33333
3.71072 0.33331 0.33334 0.33333
3.72873 0.33335 0.33333 0.33333
3.74675 0.33331 0.33334 0.33333
3.76476 0.33335 0.33333 0.33333
3.78277 0.33331 0.33334 0.33333
3.80079 0.33335 0.33333 0.33333
3.81880 0.33331 0.33334 0.33333
3.83681 0.33335 0.33333 0.33333
3.85483 0.33331 0.33333 0.33333
3.87284 0.33335 0.33333 0.33333
3.89085 0.33331 0.33333 0.33333
3.90887 0.33335 0.33333 0.33333
3.92688 0.33331 0.33333 0.33333
3.94489 0.33335 0.33333 0.33333
3.96291 0.33331 0.33333 0.33333
3.98092 0.33335 0.33333 0.33333
3.99893 0.33331 0.33334 0.33333
4.01695 0.33336 0.33333 0.33333
4.03496 0.33331 0.33334 0.33333
4.05297 0.33336 0.33333 0.33333
4.07099 0.33331 0.33334 0.33333
4.08900 0.33336 0.33333 0.33333
4.10701 0.33331 0.33334 0.33333
4.12503 0.33336 0.33333 0.33333
4.14304 0.33331 0.33334 0.33333
4.16105 0.33336 0.33333 0.33333
4.17907 0.33331 0.33334 0.33333
4.19708 0.33336 0.33333 0.33333
4.21509 0.33331 0.33334 0.33333
4.23310 0.33336 0.33333 0.33333
4.25112 0.33331 0.33334 0.33333
4.26913 0.33336 0.33333 0.33333
4.28714 0.33331 0.33334 0.33333
4.30516 0.33336 0.33333 0.33333
4.32317 0.33331 0.33334 0.33333
4.34118 0.33336 0.33333 0.33333
4.35920 0.33331 0.33334 0.33333
4.37721 0.33336 0.33333 0.33333
4.39522 0.33331 0.33334 0.33333
4.41324 0.33336 0.33333 0.33333
4.43125 0.33331 0.33334 0.33333
4.44926 0.33336 0.33333 0.33333
4.46728 0.33331 0.33334 0.33333
4.48529 0.33336 0.33333 0.33333
4.50330 0.33331 0.33334 0.33333
4.52132 0.33336 0.33333 0.33333
4.53933 0.33331 0.33334 0.33333
4.55734 0.33336 0.33333 0.33333
4.57536 0.33331 0.33334 0.33333
4.59337 0.33336 0.33333 0.33333
4.61138 0.33331 0.33334 0.33333
4.62940 0.33336 0.33333 0.33333
4.64741 0.33331 0.33334 0.33333
4.66542 0.33336 0.33333 0.33333
4.68344 0.33331 0.33334 0.33333
4.70145 0.33336 0.33333 0.33333
4.71946 0.33331 0.33334 0.33333
4.73747 0.33336 0.33333 0.33333
4.75549 0.33331 0.33334 0.33333
4.77350 0.33336 0.33333 0.33333
4.79151 0.33331 0.33334 0.33333
4.80953 0.33336 0.33333 0.33333
4.82754 0.33331 0.33334 0.33333
4.84555 0.33336 0.33333 0.33333
4.86357 0.33331 0.33334 0.33333
4.88158 0.33336 0.33333 0.33333
4.89959 0.33331 0.33334 0.33333
4.91761 0.33336 0.33333 0.33333
4.93562 0.33331 0.33334 0.33333
4.95363 0.33336 0.33333 0.33333
4.97165 0.33331 0.33334 0.33333
4.98966 0.33336 0.33333 0.33333
5.00767 0.33331 0.33334 0.33333
5.02569 0.33336 0.33333 0.33333
5.04370 0.33331 0.33334 0.33333
5.06171 0.33336 0.33333 0.33333
5.07973 0.33331 0.33334 0.33333
5.09774 0.33336 0.33333 0.33333
5.11575 0.33331 0.33334 0.33333
5.13377 0.33336 0.33333 0.33333
5.15178 0.33331 0.33334 0.33333
5.16979 0.33336 0.33333 0.33333
5.18780 0.33331 0.33334 0.33333
5.20582 0.33336 0.33333 0.33333
5.22383 0.33331 0.33334 0.33333
5.24184 0.33336 0.33333 0.33333
5.25986 0.33331 0.33334 0.33333
5.27787 0.33336 0.33333 0.33333
5.29588 0.33331 0.33334 0.33333
5.31390 0.33336 0.33333 0.33333
5.33191 0.33331 0.33334 0.33333
5.34992 0.33336 0.33333 0.33333
5.36794 0.33331 0.33334 0.33333
5.38595 0.33336 0.33333 0.33333
5.40396 0.33331 0.33334 0.33333
5.42198 0.33336 0.33333 0.33333
5.43999 0.33331 0.33334 0.33333
5.45800 0.33336 0.33333 0.33333
5.47602 0.33331 0.33334 0.33333
5.49403 0.33336 0.33333 0.33333
5.51204 0.33331 0.33334 0.33333
5.53006 0.33336 0.33333 0.33333
5.54807 0.33331 0.33334 0.33333
5.56608 0.33336 0.33333 0.33333
5.58410 0.33331 0.33334 0.33333
5.60211 0.33336 0.33333 0.33333
5.62012 0.33331 0.33334 0.33333
5.63814 0.33336 0.33333 0.33333
5.65615 0.33331 0.33334 0.33333
5.67416 0.33336 0.33333 0.33333
5.69217 0.33331 0.33334 0.33333
5.71019 0.33336 0.33333 0.33333
5.72820 0.33331 0.33334 0.33333
5.74621 0.33336 0.33333 0.33333
5.76423 0.33331 0.33334 0.33333
5.78224 0.33336 0.33333 0.33333
5.80025 0.33331 0.33334 0.33333
5.81827 0.33336 0.33333 0.33333
5.83628 0.33331 0.33334 0.33333
5.85429 0.33336 0.33333 0.33333
5.87231 0.33331 0.33334 0.33333
5.89032 0.33336 0.33333 0.33333
5.90833 0.33331 0.33334 0.33333
5.92635 0.33336 0.33333 0.33333
5.94436 0.33331 0.33334 0.33333
5.96237 0.33336 0.33333 0.33333
5.98039 0.33331 0.33334 0.33333
5.99840 0.33336 0.33333 0.33333
6.01641 0.33331 0.33334 0.33333
6.03443 0.33336 0.33333 0.33333
6.05244 0.33331 0.33334 0.33333
6.07045 0.33336 0.33333 0.33333
6.08847 0.33331 0.33334 0.33333
6.10648 0.33336 0.33333 0.33333
6.12449 0.33331 0.33334 0.33333
6.14251 0.33336 0.33333 0.33333
6.16052 0.33331 0.33334 0.33333
6.17853 0.33336 0.33333 0.33333
6.19654 0.33331 0.33334 0.33333
6.21456 0.33336 0.33333 0.33333
6.23257 0.33331 0.33334 0.33333
6.25058 0.33336 0.33333 0.33333
6.26860 0.33331 0.33334 0.33333
6.28661 0.33336 0.33333 0.33333
6.30462 0.33331 0.33334 0.33333
6.32264 0.33336 0.33333 0.33333
6.34065 0.33331 0.33334 0.33333
6.35866 0.33336 0.33333 0.33333
6.37668 0.33331 0.33334 0.33333
6.39469 0.33336 0.33333 0.33333
6.41270 0.33331 0.33334 0.33333
6.43072 0.33336 0.33333 0.33333
6.44873 0.33331 0.33334 0.33333
6.46674 0.33336 0.33333 0.33333
6.48476 0.33331 0.33334 0.33333
6.50277 0.33336 0.33333 0.33333
6.52078 0.33331 0.33334 0.33333
6.53880 0.33336 0.33333 0.33333
6.55681 0.33331 0.33334 0.33333
6.57482 0.33336 0.33333 0.33333
6.59284 0.33331 0.33334 0.33333
6.61085 0.33336 0.33333 0.33333
6.62886 0.33331 0.33334 0.33333
6.64688 0.33336 0.33333 0.33333
6.66489 0.33331 0.33334 0.33333
6.68290 0.33336 0.33333 0.33333
6.70091 0.33331 0.33334 0.33333
6.71893 0.33336 0.33333 0.33333
6.73694 0.33331 0.33334 0.33333
6.75495 0.33336 0.33333 0.33333
6.77297 0.33331 0.33334 0.33333
6.79098 0.33336 0.33333 0.33333
6.80899 0.33331 0.33334 0.33333
6.82701 0.33336 0.33333 0.33333
6.84502 0.33331 0.33334 0.33333
6.86303 0.33336 0.33333 0.33333
6.88105 0.33331 0.33334 0.33333
6.89906 0.33336 0.33333 0.33333
6.91707 0.33331 0.33334 0.33333
6.93509 0.33336 0.33333 0.33333
6.95310 0.33331 0.33334 0.33333
6.97111 0.33336 0.33333 0.33333
6.98913 0.33331 0.33334 0.33333
7.00714 0.33336 0.33333 0.33333
7.02515 0.33331 0.33334 0.33333
7.04317 0.33336 0.33333 0.33333
7.06118 0.33331 0.33334 0.33333
7.07919 0.33336 0.33333 0.33333
7.09721 0.33331 0.33334 0.33333
7.11522 0.33336 0.33333 0.33333
7.13323 0.33331 0.33334 0.33333
7.15125 0.33336 0.33333 0.33333
7.16926 0.33331 0.33334 0.33333
7.18727 0.33336 0.33333 0.33333
7.20528 0.33331 0.33334 0.33333
7.22330 0.33336 0.33333 0.33333
7.24131 0.33331 0.33334 0.33333
7.25932 0.33336 0.33333 0.33333
7.27734 0.33331 0.33334 0.33333
7.29535 0.33336 0.33333 0.33333
7.31336 0.33331 0.33334 0.33333
7.33138 0.33336 0.33333 0.33333
7.34939 0.33331 0.33334 0.33333
7.36740 0.33336 0.33333 0.33333
7.38542 0.33331 0.33334 0.33333
7.40343 0.33336 0.33333 0.33333
7.42144 0.33331 0.33334 0.33333
7.43946 0.33336 0.33333 0.33333
7.45747 0.33331 0.33334 0.33333
7.47548 0.33336 0.33333 0.33333
7.49350 0.33331 0.33334 0.33333
7.51151 0.33336 0.33333 0.33333
7.52952 0.33331 0.33334 0.33333
7.54754 0.33336 0.33333 0.33333
7.56555 0.33331 0.33334 0.33333
7.58356 0.33336 0.33333 0.33333
7.60158 0.33331 0.33334 0.33333
7.61959 0.33336 0.33333 0.33333
7.63760 0.33331 0.33334 0.33333
7.65562 0.33336 0.33333 0.33333
7.67363 0.33331 0.33334 0.33333
7.69164 0.33336 0.33333 0.33333
7.70965 0.33331 0.33334 0.33333
7.72767 0.33336 0.33333 0.33333
7.74568 0.33331 0.33334 0.33333
7.76369 0.33336 0.33333 0.33333
7.78171 0.33331 0.33334 0.33333
7.79972 0.33336 0.33333 0.33333
7.81773 0.33331 0.33334 0.33333
7.83575 0.33336 0.33333 0.33333
7.85376 0.33331 0.33334 0.33333
7.87177 0.33336 0.33333 0.33333
7.88979 0.33331 0.33334 0.33333
7.90780 0.33336 0.33333 0.33333
7.92581 0.33331 0.33334 0.33333
7.94383 0.33336 0.33333 0.33333
7.96184 0.33331 0.33334 0.33333
7.97985 0.33336 0.33333 0.33333
7.99787 0.33331 0.33334 0.33333
8.01588 0.33336 0.33333 0.33333
8.03389 0.33331 0.33334 0.33333
8.05191 0.33336 0.33333 0.33333
8.06992 0.33331 0.33334 0.33333
8.08793 0.33336 0.33333 0.33333
8.10595 0.33331 0.33334 0.33333
8.12396 0.33336 0.33333 0.33333
8.14197 0.33331 0.33334 0.33333
8.15998 0.33336 0.33333 0.33333
8.17800 0.33331 0.33334 0.33333
8.19601 0.33336 0.33333 0.33333
8.21402 0.33331 0.33334 0.33333
8.23204 0.33336 0.33333 0.33333
8.25005 0.33331 0.33334 0.33333
8.26806 0.33336 0.33333 0.33333
8.28608 0.33331 0.33334 0.33333
8.30409 0.33336 0.33333 0.33333
8.32210 0.33331 0.33334 0.33333
8.34012 0.33336 0.33333 0.33333
8.35813 0.33331 0.33334 0.33333
8.37614 0.33336 0.33333 0.33333
8.39416 0.33331 0.33334 0.33333
8.41217 0.33336 0.33333 0.33333
8.43018 0.33331 0.33334 0.33333
8.44820 0.33336 0.33333 0.33333
8.46621 0.33331 0.33334 0.33333
8.48422 0.33336 0.33333 0.33333
8.50224 0.33331 0.33334 0.33333
8.52025 0.33336 0.33333 0.33333
8.53826 0.33331 0.33334 0.33333
8.55628 0.33336 0.33333 0.33333
8.57429 0.33331 0.33334 0.33333
8.59230 0.33336 0.33333 0.33333
8.61032 0.33331 0.33334 0.33333
8.62833 0.33336 0.33333 0.33333
8.64634 0.33331 0.33334 0.33333
8.66435 0.33336 0.33333 0.33333
8.68237 0.33331 0.33334 0.33333
8.70038 0.33336 0.33333 0.33333
8.71839 0.33331 0.33334 0.33333
8.73641 0.33336 0.33333 0.33333
8.75442 0.33331 0.33334 0.33333
8.77243 0.33336 0.33333 0.33333
8.79045 0.33331 0.33334 0.33333
8.80846 0.33336 0.33333 0.33333
8.82647 0.33331 0.33334 0.33333
8.84449 0.33336 0.33333 0.33333
8.86250 0.33331 0.33334 0.33333
8.88051 0.33336 0.33333 0.33333
8.89853 0.33331 0.33334 0.33333
8.91654 0.33336 0.33333 0.33333
8.93455 0.33331 0.33334 0.33333
8.95257 0.33336 0.33333 0.33333
8.97058 0.33331 0.33334 0.33333
8.98859 0.33336 0.33333 0.33333
9.00661 0.33331 0.33334 0.33333
9.02462 0.33336 0.33333 0.33333
9.04263 0.33331 0.33334 0.33333
9.06065 0.33336 0.33333 0.33333
9.07866 0.33331 0.33334 0.33333
9.09667 0.33336 0.33333 0.33333
9.11469 0.33331 0.33334 0.33333
9.13270 0.33336 0.33333 0.33333
9.15071 0.33331 0.33334 0.33333
9.16872 0.33336 0.33333 0.33333
9.18674 0.33331 0.33334 0.33333
9.20475 0.33336 0.33333 0.33333
9.22276 0.33331 0.33334 0.33333
9.24078 0.33336 0.33333 0.33333
9.25879 0.33331 0.33334 0.33333
9.27680 0.33336 0.33333 0.33333
9.29482 0.33331 0.33334 0.33333
9.31283 0.33336 0.33333 0.33333
9.33084 0.33331 0.33334 0.33333
9.34886 0.33336 0.33333 0.33333
9.36687 0.33331 0.33334 0.33333
9.38488 0.33336 0.33333 0.33333
9.40290 0.33331 0.33334 0.33333
9.42091 0.33336 0.33333 0.33333
9.43892 0.33331 0.33334 0.33333
9.45694 0.33336 0.33333 0.33333
9.47495 0.33331 0.33334 0.33333
9.49296 0.33336 0.33333 0.33333
9.51098 0.33331 0.33334 0.33333
9.52899 0.33336 0.33333 0.33333
9.54700 0.33331 0.33334 0.33333
9.56502 0.33336 0.33333 0.33333
9.58303 0.33331 0.33334 0.33333
9.60104 0.33336 0.33333 0.33333
9.61906 0.33331 0.33334 0.33333
9.63707 0.33336 0.33333 0.33333
9.65508 0.33331 0.33334 0.33333
9.67309 0.33336 0.33333 0.33333
9.69111 0.33331 0.33334 0.33333
9.70912 0.33336 0.33333 0.33333
9.72713 0.33331 0.33334 0.33333
9.74515 0.33336 0.33333 0.33333
9.76316 0.33331 0.33334 0.33333
9.78117 0.33336 0.33333 0.33333
9.79919 0.33331 0.33334 0.33333
9.81720 0.33336 0.33333 0.33333
9.83521 0.33331 0.33334 0.33333
9.85323 0.33336 0.33333 0.33333
9.87124 0.33331 0.33334 0.33333
9.88925 0.33336 0.33333 0.33333
9.90727 0.33331 0.33334 0.33333
9.92528 0.33336 0.33333 0.33333
9.94329 0.33331 0.33334 0.33333
9.96131 0.33336 0.33333 0.33333
9.97932 0.33331 0.33334 0.33333
9.99733 0.33336 0.33333 0.33333
10.01535 0.33331 0.33334 0.33333
10.03336 0.33336 0.33333 0.33333
10.05137 0.33331 0.33334 0.33333
10.06939 0.33336 0.33333 0.33333
10.08740 0.33331 0.33334 0.33333
10.10541 0.33336 0.33333 0.33333
10.12343 0.33331 0.33334 0.33333
10.14144 0.33336 0.33333 0.33333
10.15945 0.33331 0.33334 0.33333
10.17746 0.33336 0.33333 0.33333
10.19548 0.33331 0.33334 0.33333
10.21349 0.33336 0.33333 0.33333
10.23150 0.33331 0.33334 0.33333
10.24952 0.33336 0.33333 0.33333
10.26753 0.33331 0.33334 0.33333
10.28554 0.33336 0.33333 0.33333
10.30356 0.33331 0.33334 0.33333
10.32157 0.33336 0.33333 0.33333
10.33958 0.33331 0.33334 0.33333
10.35760 0.33336 0.33333 0.33333
10.37561 0.33331 0.33334 0.33333
10.39362 0.33336 0.33333 0.33333
10.41164 0.33331 0.33334 0.33333
10.42965 0.33336 0.33333 0.33333
10.44766 0.33331 0.33334 0.33333
10.46568 0.33336 0.33333 0.33333
10.48369 0.33331 0.33334 0.33333
10.50170 0.33336 0.33333 0.33333
10.51972 0.33331 0.33334 0.33333
10.53773 0.33336 0.33333 0.33333
10.55574 0.33331 0.33334 0.33333
10.57376 0.33336 0.33333 0.33333
10.59177 0.33331 0.33334 0.33333
10.60978 0.33336 0.33333 0.33333
10.62779 0.33331 0.33334 0.33333
10.64581 0.33336 0.33333 0.33333
10.66382 0.33331 0.33334 0.33333
10.68183 0.33336 0.33333 0.33333
10.69985 0.33331 0.33334 0.33333
10.71786 0.33336 0.33333 0.33333
10.73587 0.33331 0.33334 0.33333
10.75389 0.33336 0.33333 0.33333
10.77190 0.33331 0.33334 0.33333
10.78991 0.33336 0.33333 0.33333
10.80793 0.33331 0.33334 0.33333
10.82594 0.33336 0.33333 0.33333
10.84395 0.33331 0.33334 0.33333
10.86197 0.33336 0.33333 0.33333
10.87998 0.33331 0.33334 0.33333
10.89799 0.33336 0.33333 0.33333
10.91601 0.33331 0.33334 0.33333
10.93402 0.33336 0.33333 0.33333
10.95203 0.33331 0.33334 0.33333
10.97005 0.33336 0.33333 0.33333
10.98806 0.33331 0.33334 0.33333
11.00607 0.33336 0.33333 0.33333
11.02409 0.33331 0.33334 0.33333
11.04210 0.33336 0.33333 0.33333
11.06011 0.33331 0.33334 0.33333
11.07813 0.33336 0.33333 0.33333
11.09614 0.33331 0.33334 0.33333
11.11415 0.33336 0.33333 0.33333
11.13216 0.33331 0.33334 0.33333
11.15018 0.33336 0.33333 0.33333
11.16819 0.33331 0.33334 0.33333
11.18620 0.33336 0.33333 0.33333
11.20422 0.33331 0.33334 0.33333
11.22223 0.33336 0.33333 0.33333
11.24024 0.33331 0.33334 0.33333
11.25826 0.33336 0.33333 0.33333
11.27627 0.33331 0.33334 0.33333
11.29428 0.33336 0.33333 0.33333
11.31230 0.33331 0.33334 0.33333
11.33031 0.33336 0.33333 0.33333
11.34832 0.33331 0.33334 0.33333
11.36634 0.33336 0.33333 0.33333
11.38435 0.33331 0.33334 0.33333
11.40236 0.33336 0.33333 0.33333
11.42038 0.33331 0.33334 0.33333
11.43839 0.33336 0.33333 0.33333
11.45640 0.33331 0.33334 0.33333
11.47442 0.33336 0.33333 0.33333
11.49243 0.33331 0.33334 0.33333
11.51044 0.33336 0.33333 0.33333
11.52846 0.33331 0.33334 0.33333
11.54647 0.33336 0.33333 0.33333
11.56448 0.33331 0.33334 0.33333
11.58250 0.33336 0.33333 0.33333
11.60051 0.33331 0.33334 0.33333
11.61852 0.33336 0.33333 0.33333
11.63653 0.33331 0.33334 0.33333
11.65455 0.33336 0.33333 0.33333
11.67256 0.33331 0.33334 0.33333
11.69057 0.33336 0.33333 0.33333
11.70859 0.33331 0.33334 0.33333
11.72660 0.33336 0.33333 0.33333
11.74461 0.33331 0.33334 0.33333
11.76263 0.33336 0.33333 0.33333
11.78064 0.33331 0.33334 0.33333
11.79865 0.33336 0.33333 0.33333
11.81667 0.33331 0.33334 0.33333
11.83468 0.33336 0.33333 0.33333
11.85269 0.33331 0.33334 0.33333
11.87071 0.33336 0.33333 0.33333
11.88872 0.33331 0.33334 0.33333
11.90673 0.33336 0.33333 0.33333
11.92475 0.33331 0.33334 0.33333
11.94276 0.33336 0.33333 0.33333
11.96077 0.33331 0.33334 0.33333
11.97879 0.33336 0.33333 0.33333
11.99680 0.33331 0.33334 0.33333
12.01481 0.33336 0.33333 0.33333
12.03283 0.33331 0.33334 0.33333
12.05084 0.33336 0.33333 0.33333
12.06885 0.33331 0.33334 0.33333
12.08687 0.33336 0.33333 0.33333
12.10488 0.33331 0.33334 0.33333
12.12289 0.33336 0.33333 0.33333
12.14090 0.33331 0.33334 0.33333
12.15892 0.33336 0.33333 0.33333
12.17693 0.33331 0.33334 0.33333
12.19494 0.33336 0.33333 0.33333
12.21296 0.33331 0.33334 0.33333
12.23097 0.33336 0.33333 0.33333
12.24898 0.33331 0.33334 0.33333
12.26700 0.33336 0.33333 0.33333
12.28501 0.33331 0.33334 0.33333
12.30302 0.33336 0.33333 0.33333
12.32104 0.33331 0.33334 0.33333
12.33905 0.33336 0.33333 0.33333
12.35706 0.33331 0.33334 0.33333
12.37508 0.33336 0.33333 0.33333
12.39309 0.33331 0.33334 0.33333
12.41110 0.33336 0.33333 0.33333
12.42912 0.33331 0.33334 0.33333
12.44713 0.33336 0.33333 0.33333
12.46514 0.33331 0.33334 0.33333
12.48316 0.33336 0.33333 0.33333
12.50117 0.33331 0.33334 0.33333
12.51918 0.33336 0.33333 0.33333
12.53720 0.33331 0.33334 0.33333
12.55521 0.33336 0.33333 0.33333
12.57322 0.33331 0.33334 0.33333
12.59124 0.33336 0.33333 0.33333
12.60925 0.33331 0.33334 0.33333
12.62726 0.33336 0.33333 0.33333
12.64527 0.33331 0.33334 0.33333
12.66329 0.33336 0.33333 0.33333
12.68130 0.33331 0.33334 0.33333
12.69931 0.33336 0.33333 0.33333
12.71733 0.33331 0.33334 0.33333
12.73534 0.33336 0.33333 0.33333
12.75335 0.33331 0.33334 0.33333
12.77137 0.33336 0.33333 0.33333
12.78938 0.33331 0.33334 0.33333
12.80739 0.33336 0.33333 0.33333
12.82541 0.33331 0.33334 0.33333
12.84342 0.33336 0.33333 0.33333
12.86143 0.33331 0.33334 0.33333
12.87945 0.33336 0.33333 0.33333
12.89746 0.33331 0.33334 0.33333
12.91547 0.33336 0.33333 0.33333
12.93349 0.33331 0.33334 0.33333
12.95150 0.33336 0.33333 0.33333
12.96951 0.33331 0.33334 0.33333
12.98753 0.33336 0.33333 0.33333
13.00554 0.33331 0.33334 0.33333
13.02355 0.33336 0.33333 0.33333
13.04157 0.33331 0.33334 0.33333
13.05958 0.33336 0.33333 0.33333
13.07759 0.33331 0.33334 0.33333
13.09560 0.33336 0.33333 0.33333
13.11362 0.33331 0.33334 0.33333
13.13163 0.33336 0.33333 0.33333
13.14964 0.33331 0.33334 0.33333
13.16766 0.33336 0.33333 0.33333
13.18567 0.33331 0.33334 0.33333
13.20368 0.33336 0.33333 0.33333
13.22170 0.33331 0.33334 0.33333
13.23971 0.33336 0.33333 0.33333
13.25772 0.33331 0.33334 0.33333
13.27574 0.33336 0.33333 0.33333
13.29375 0.33331 0.33334 0.33333
13.31176 0.33336 0.33333 0.33333
13.32978 0.33331 0.33334 0.33333
13.34779 0.33336 0.33333 0.33333
13.36580 0.33331 0.33334 0.33333
13.38382 0.33336 0.33333 0.33333
13.40183 0.33331 0.33334 0.33333
13.41984 0.33336 0.33333 0.33333
13.43786 0.33331 0.33334 0.33333
13.45587 0.33336 0.33333 0.33333
13.47388 0.33331 0.33334 0.33333
13.49190 0.33336 0.33333 0.33333
13.50991 0.33331 0.33334 0.33333
13.52792 0.33336 0.33333 0.33333
13.54594 0.33331 0.33334 0.33333
13.56395 0.33336 0.33333 0.33333
13.58196 0.33331 0.33334 0.33333
13.59997 0.33336 0.33333 0.33333
13.61799 0.33331 0.33334 0.33333
13.63600 0.33336 0.33333 0.33333
13.65401 0.33331 0.33334 0.33333
13.67203 0.33336 0.33333 0.33333
13.69004 0.33331 0.33334 0.33333
13.70805 0.33336 0.33333 0.33333
13.72607 0.33331 0.33334 0.33333
13.74408 0.33336 0.33333 0.33333
13.76209 0.33331 0.33334 0.33333
13.78011 0.33336 0.33333 0.33333
13.79812 0.33331 0.33334 0.33333
13.81613 0.33336 0.33333 0.33333
13.83415 0.33331 0.33334 0.33333
13.85216 0.33336 0.33333 0.33333
13.87017 0.33331 0.33334 0.33333
13.88819 0.33336 0.33333 0.33333
13.90620 0.33331 0.33334 0.33333
13.92421 0.33336 0.33333 0.33333
13.94223 0.33331 0.33334 0.33333
13.96024 0.33336 0.33333 0.33333
13.97825 0.33331 0.33334 0.33333
13.99627 0.33336 0.33333 0.33333
14.01428 0.33331 0.33334 0.33333
14.03229 0.33336 0.33333 0.33333
14.05031 0.33331 0.33334 0.33333
14.06832 0.33336 0.33333 0.33333
14.08633 0.33331 0.33334 0.33333
14.10434 0.33336 0.33333 0.33333
14.12236 0.33331 0.33334 0.33333
14.14037 0.33336 0.33333 0.33333
14.15838 0.33331 0.33334 0.33333
14.17640 0.33336 0.33333 0.33333
14.19441 0.33331 0.33334 0.33333
14.21242 0.33336 0.33333 0.33333
14.23044 0.33331 0.33334 0.33333
14.24845 0.33336 0.33333 0.33333
14.26646 0.33331 0.33334 0.33333
14.28448 0.33336 0.33333 0.33333
14.30249 0.33331 0.33334 0.33333
14.32050 0.33336 0.33333 0.33333
14.33852 0.33331 0.33334 0.33333
14.35653 0.33336 0.33333 0.33333
14.37454 0.33331 0.33334 0.33333
14.39256 0.33336 0.33333 0.33333
14.41057 0.33331 0.33334 0.33333
14.42858 0.33336 0.33333 0.33333
14.44660 0.33331 0.33334 0.33333
14.46461 0.33336 0.33333 0.33333
14.48262 0.33331 0.33334 0.33333
14.50064 0.33336 0.33333 0.33333
14.51865 0.33331 0.33334 0.33333
14.53666 0.33336 0.33333 0.33333
14.55468 0.33331 0.33334 0.33333
14.57269 0.33336 0.33333 0.33333
14.59070 0.33331 0.33334 0.33333
14.60871 0.33336 0.33333 0.33333
14.62673 0.33331 0.33334 0.33333
14.64474 0.33336 0.33333 0.33333
14.66275 0.33331 0.33334 0.33333
14.68077 0.33336 0.33333 0.33333
14.69878 0.33331 0.33334 0.33333
14.71679 0.33336 0.33333 0.33333
14.73481 0.33331 0.33334 0.33333
14.75282 0.33336 0.33333 0.33333
14.77083 0.33331 0.33334 0.33333
14.78885 0.33336 0.33333 0.33333
14.80686 0.33331 0.33334 0.33333
14.82487 0.33336 0.33333 0.33333
14.84289 0.33331 0.33334 0.33333
14.86090 0.33336 0.33333 0.33333
14.87891 0.33331 0.33334 0.33333
14.89693 0.33336 0.33333 0.33333
14.91494 0.33331 0.33334 0.33333
14.93295 0.33336 0.33333 0.33333
14.95097 0.33331 0.33334 0.33333
14.96898 0.33336 0.33333 0.33333
14.98699 0.33331 0.33334 0.33333
15.00501 0.33336 0.33333 0.33333
15.02302 0.33331 0.33334 0.33333
15.04103 0.33336 0.33333 0.33333
15.05905 0.33331 0.33334 0.33333
15.07706 0.33336 0.33333 0.33333
15.09507 0.33331 0.33334 0.33333
15.11308 0.33336 0.33333 0.33333
15.13110 0.33331 0.33334 0.33333
15.14911 0.33336 0.33333 0.33333
15.16712 0.33331 0.33334 0.33333
15.18514 0.33336 0.33333 0.33333
15.20315 0.33331 0.33334 0.33333
15.22116 0.33336 0.33333 0.33333
15.23918 0.33331 0.33334 0.33333
15.25719 0.33336 0.33333 0.33333
15.27520 0.33331 0.33334 0.33333
15.29322 0.33336 0.33333 0.33333
15.31123 0.33331 0.33334 0.33333
15.32924 0.33336 0.33333 0.33333
15.34726 0.33331 0.33334 0.33333
15.36527 0.33336 0.33333 0.33333
15.38328 0.33331 0.33334 0.33333
15.40130 0.33336 0.33333 0.33333
15.41931 0.33331 0.33334 0.33333
15.43732 0.33336 0.33333 0.33333
15.45534 0.33331 0.33334 0.33333
15.47335 0.33336 0.33333 0.33333
15.49136 0.33331 0.33334 0.33333
15.50938 0.33336 0.33333 0.33333
15.52739 0.33331 0.33334 0.33333
15.54540 0.33336 0.33333 0.33333
15.56341 0.33331 0.33334 0.33333
15.58143 0.33336 0.33333 0.33333
15.59944 0.33331 0.33334 0.33333
15.61745 0.33336 0.33333 0.33333
15.63547 0.33331 0.33334 0.33333
15.65348 0.33336 0.33333 0.33333
15.67149 0.33331 0.33334 0.33333
15.68951 0.33336 0.33333 0.33333
15.70752 0.33331 0.33334 0.33333
15.72553 0.33336 0.33333 0.33333
15.74355 0.33331 0.33334 0.33333
15.76156 0.33336 0.33333 0.33333
15.77957 0.33331 0.33334 0.33333
15.79759 0.33336 0.33333 0.33333
15.81560 0.33331 0.33334 0.33333
15.83361 0.33336 0.33333 0.33333
15.85163 0.33331 0.33334 0.33333
15.86964 0.33336 0.33333 0.33333
15.88765 0.33331 0.33334 0.33333
15.90567 0.33336 0.33333 0.33333
15.92368 0.33331 0.33334 0.33333
15.94169 0.33336 0.33333 0.33333
15.95971 0.33331 0.33334 0.33333
15.97772 0.33336 0.33333 0.33333
15.99573 0.33331 0.33334 0.33333
16.01375 0.33336 0.33333 0.33333
16.03176 0.33331 0.33334 0.33333
16.04977 0.33336 0.33333 0.33333
16.06778 0.33331 0.33334 0.33333
16.08580 0.33336 0.33333 0.33333
16.10381 0.33331 0.33334 0.33333
16.12182 0.33336 0.33333 0.33333
16.13984 0.33331 0.33334 0.33333
16.15785 0.33336 0.33333 0.33333
16.17586 0.33331 0.33334 0.33333
16.19388 0.33336 0.33333 0.33333
16.21189 0.33331 0.33334 0.33333
16.22990 0.33336 0.33333 0.33333
16.24792 0.33331 0.33334 0.33333
16.26593 0.33336 0.33333 0.33333
16.28394 0.33331 0.33334 0.33333
16.30196 0.33336 0.33333 0.33333
16.31997 0.33331 0.33334 0.33333
16.33798 0.33336 0.33333 0.33333
16.35600 0.33331 0.33334 0.33333
16.37401 0.33336 0.33333 0.33333
16.39202 0.33331 0.33334 0.33333
16.41004 0.33336 0.33333 0.33333
16.42805 0.33331 0.33334 0.33333
16.44606 0.33336 0.33333 0.33333
16.46408 0.33331 0.33334 0.33333
16.48209 0.33336 0.33333 0.33333
16.50010 0.33331 0.33334 0.33333
16.51812 0.33336 0.33333 0.33333
16.53613 0.33331 0.33334 0.33333
16.55414 0.33336 0.33333 0.33333
16.57215 0.33331 0.33334 0.33333
16.59017 0.33336 0.33333 0.33333
16.60818 0.33331 0.33334 0.33333
16.62619 0.33336 0.33333 0.33333
16.64421 0.33331 0.33334 0.33333
16.66222 0.33336 0.33333 0.33333
16.68023 0.33331 0.33334 0.33333
16.69825 0.33336 0.33333 0.33333
16.71626 0.33331 0.33334 0.33333
16.73427 0.33336 0.33333 0.33333
16.75229 0.33331 0.33334 0.33333
16.77030 0.33336 0.33333 0.33333
16.78831 0.33331 0.33334 0.33333
16.80633 0.33336 0.33333 0.33333
16.82434 0.33331 0.33334 0.33333
16.84235 0.33336 0.33333 0.33333
16.86037 0.33331 0.33334 0.33333
16.87838 0.33336 0.33333 0.33333
16.89639 0.33331 0.33334 0.33333
16.91441 0.33336 0.33333 0.33333
16.93242 0.33331 0.33334 0.33333
16.95043 0.33336 0.33333 0.33333
16.96845 0.33331 0.33334 0.33333
16.98646 0.33336 0.33333 0.33333
17.00447 0.33331 0.33334 0.33333
17.02249 0.33336 0.33333 0.33333
17.04050 0.33331 0.33334 0.33333
17.05851 0.33336 0.33333 0.33333
17.07652 0.33331 0.33334 0.33333
17.09454 0.33336 0.33333 0.33333
17.11255 0.33331 0.33334 0.33333
17.13056 0.33336 0.33333 0.33333
17.14858 0.33331 0.33334 0.33333
17.16659 0.33336 0.33333 0.33333
17.18460 0.33331 0.33334 0.33333
17.20262 0.33336 0.33333 0.33333
17.22063 0.33331 0.33334 0.33333
17.23864 0.33336 0.33333 0.33333
17.25666 0.33331 0.33334 0.33333
17.27467 0.33336 0.33333 0.33333
17.29268 0.33331 0.33334 0.33333
17.31070 0.33336 0.33333 0.33333
17.32871 0.33331 0.33334 0.33333
17.34672 0.33336 0.33333 0.33333
17.36474 0.33331 0.33334 0.33333
17.38275 0.33336 0.33333 0.33333
17.40076 0.33331 0.33334 0.33333
17.41878 0.33336 0.33333 0.33333
17.43679 0.33331 0.33334 0.33333
17.45480 0.33336 0.33333 0.33333
17.47282 0.33331 0.33334 0.33333
17.49083 0.33336 0.33333 0.33333
17.50884 0.33331 0.33334 0.33333
17.52686 0.33336 0.33333 0.33333
17.54487 0.33331 0.33334 0.33333
17.56288 0.33336 0.33333 0.33333
17.58089 0.33331 0.33334 0.33333
17.59891 0.33336 0.33333 0.33333
17.61692 0.33331 0.33334 0.33333
17.63493 0.33336 0.33333 0.33333
17.65295 0.33331 0.33334 0.33333
17.67096 0.33336 0.33333 0.33333
17.68897 0.33331 0.33334 0.33333
17.70699 0.33336 0.33333 0.33333
17.72500 0.33331 0.33334 0.33333
17.74301 0.33336 0.33333 0.33333
17.76103 0.33331 0.33334 0.33333
17.77904 0.33336 0.33333 0.33333
17.79705 0.33331 0.33334 0.33333
17.81507 0.33336 0.33333 0.33333
17.83308 0.33331 0.33334 0.33333
17.85109 0.33336 0.33333 0.33333
17.86911 0.33331 0.33334 0.33333
17.88712 0.33336 0.33333 0.33333
17.90513 0.33331 0.33334 0.33333
17.92315 0.33336 0.33333 0.33333
17.94116 0.33331 0.33334 0.33333
17.95917 0.33336 0.33333 0.33333
17.97719 0.33331 0.33334 0.33333
17.99520 0.33336 0.33333 0.33333
18.01321 0.33331 0.33334 0.33333
18.03123 0.33336 0.33333 0.33333
18.04924 0.33331 0.33334 0.33333
18.06725 0.33336 0.33333 0.33333
18.08526 0.33331 0.33334 0.33333
18.10328 0.33336 0.33333 0.33333
18.12129 0.33331 0.33334 0.33333
18.13930 0.33336 0.33333 0.33333
18.15732 0.33331 0.33334 0.33333
18.17533 0.33336 0.33333 0.33333
18.19334 0.33331 0.33334 0.33333
18.21136 0.33336 0.33333 0.33333
18.22937 0.33331 0.33334 0.33333
18.24738 0.33336 0.33333 0.33333
18.26540 0.33331 0.33334 0.33333
18.28341 0.33336 0.33333 0.33333
18.30142 0.33331 0.33334 0.33333
18.31944 0.33336 0.33333 0.33333
18.33745 0.33331 0.33334 0.33333
18.35546 0.33336 0.33333 0.33333
18.37348 0.33331 0.33334 0.33333
18.39149 0.33336 0.33333 0.33333
18.40950 0.33331 0.33334 0.33333
18.42752 0.33336 0.33335 0.33333
18.44553 0.33338 0.33337 0.33333
