   0.00 41929.931 0.85133
  10.00 79687.304 1.61795
  20.00 118906.976 2.41426
  30.00 145156.551 2.94722
  40.00 152355.399 3.09339
  50.00 146940.887 2.98345
  60.00 139730.020 2.83704
  70.00 135876.141 2.75879
  80.00 133697.427 2.71456
  90.00 129087.734 2.62096
 100.00 120411.160 2.44480
 110.00 109781.087 2.22897
 120.00 99395.441 2.01810
 130.00 89349.601 1.81413
 140.00 79108.493 1.60620
 150.00 69013.803 1.40124
 160.00 60094.481 1.22014
 170.00 52951.706 1.07512
 180.00 47423.454 0.96287
 190.00 43095.106 0.87499
 200.00 39571.424 0.80345
 210.00 36522.344 0.74154
 220.00 33800.316 0.68627
 230.00 31400.743 0.63755
 240.00 29314.732 0.59520
 250.00 27513.707 0.55863
 260.00 25886.745 0.52560
 270.00 24188.113 0.49111
 280.00 22273.370 0.45223
 290.00 20290.807 0.41198
 300.00 18506.205 0.37575
 310.00 17067.579 0.34654
 320.00 15925.424 0.32335
 330.00 14927.710 0.30309
 340.00 13941.812 0.28307
 350.00 12900.335 0.26193
 360.00 11879.291 0.24119
 370.00 11047.139 0.22430
 380.00 10462.567 0.21243
 390.00 10053.637 0.20413
 400.00 9716.322 0.19728
 410.00 9370.879 0.19026
 420.00 9000.135 0.18274
 430.00 8648.823 0.17560
 440.00 8372.388 0.16999
 450.00 8136.754 0.16521
 460.00 7798.625 0.15834
 470.00 7277.818 0.14777
 480.00 6689.275 0.13582
 490.00 6212.855 0.12614
 500.00 5897.297 0.11974
 510.00 5661.906 0.11496
 520.00 5449.372 0.11064
 530.00 5295.393 0.10752
 540.00 5203.089 0.10564
 550.00 5079.204 0.10313
 560.00 4886.153 0.09921
 570.00 4692.707 0.09528
 580.00 4540.134 0.09218
 590.00 4394.988 0.08923
 600.00 4228.278 0.08585
 610.00 4076.338 0.08276
 620.00 3983.967 0.08089
 630.00 3923.375 0.07966
 640.00 3844.533 0.07806
 650.00 3754.341 0.07623
 660.00 3684.640 0.07481
 670.00 3631.475 0.07373
 680.00 3563.140 0.07235
 690.00 3430.377 0.06965
 700.00 3216.987 0.06532
 710.00 2988.440 0.06068
 720.00 2808.817 0.05703
 730.00 2691.382 0.05465
 740.00 2623.391 0.05326
 750.00 2577.512 0.05233
 760.00 2531.387 0.05140
 770.00 2482.789 0.05041
 780.00 2438.717 0.04952
 790.00 2385.843 0.04844
 800.00 2323.336 0.04717
 810.00 2284.280 0.04638
 820.00 2253.478 0.04575
 830.00 2186.101 0.04439
 840.00 2110.781 0.04286
 850.00 2086.163 0.04236
 860.00 2089.211 0.04242
 870.00 2052.289 0.04167
 880.00 1981.854 0.04024
 890.00 1942.648 0.03944
 900.00 1944.859 0.03949
 910.00 1939.080 0.03937
 920.00 1900.329 0.03858
 930.00 1848.626 0.03753
 940.00 1812.578 0.03680
 950.00 1788.533 0.03631
 960.00 1752.097 0.03557
 970.00 1706.842 0.03466
 980.00 1670.521 0.03392
 990.00 1642.365 0.03335
1000.00 1599.383 0.03247
1010.00 1532.540 0.03112
1020.00 1477.873 0.03001
1030.00 1472.745 0.02990
1040.00 1492.917 0.03031
1050.00 1478.880 0.03003
1060.00 1421.787 0.02887
1070.00 1371.905 0.02785
1080.00 1370.972 0.02784
1090.00 1407.646 0.02858
1100.00 1426.764 0.02897
1110.00 1395.691 0.02834
1120.00 1335.267 0.02711
1130.00 1274.635 0.02588
1140.00 1229.218 0.02496
1150.00 1189.713 0.02416
1160.00 1137.882 0.02310
1170.00 1083.011 0.02199
1180.00 1024.922 0.02081
1190.00 960.710 0.01951
1200.00 919.757 0.01867
1210.00 903.586 0.01835
1220.00 885.450 0.01798
1230.00 872.882 0.01772
1240.00 875.442 0.01777
1250.00 882.234 0.01791
1260.00 887.788 0.01803
1270.00 881.830 0.01790
1280.00 857.505 0.01741
1290.00 827.392 0.01680
1300.00 809.057 0.01643
1310.00 810.146 0.01645
1320.00 815.188 0.01655
1330.00 801.555 0.01627
1340.00 771.324 0.01566
1350.00 747.709 0.01518
1360.00 753.950 0.01531
1370.00 786.296 0.01596
1380.00 800.380 0.01625
1390.00 766.932 0.01557
1400.00 723.098 0.01468
1410.00 717.690 0.01457
1420.00 740.859 0.01504
1430.00 748.096 0.01519
1440.00 725.318 0.01473
1450.00 697.073 0.01415
1460.00 680.051 0.01381
1470.00 671.595 0.01364
1480.00 671.762 0.01364
1490.00 676.079 0.01373
1500.00 679.141 0.01379
1510.00 670.181 0.01361
1520.00 634.676 0.01289
1530.00 596.199 0.01211
1540.00 592.280 0.01203
1550.00 620.086 0.01259
1560.00 640.718 0.01301
1570.00 625.871 0.01271
1580.00 601.994 0.01222
1590.00 605.766 0.01230
1600.00 620.846 0.01261
1610.00 617.564 0.01254
1620.00 606.376 0.01231
1630.00 607.045 0.01233
1640.00 597.695 0.01214
1650.00 549.657 0.01116
1660.00 497.616 0.01010
1670.00 498.851 0.01013
1680.00 551.858 0.01120
1690.00 602.353 0.01223
1700.00 603.196 0.01225
1710.00 569.035 0.01155
1720.00 542.389 0.01101
1730.00 530.392 0.01077
1740.00 528.097 0.01072
1750.00 535.145 0.01087
1760.00 536.191 0.01089
1770.00 520.807 0.01057
1780.00 501.574 0.01018
1790.00 493.822 0.01003
1800.00 502.379 0.01020
1810.00 519.559 0.01055
1820.00 530.110 0.01076
1830.00 526.549 0.01069
1840.00 514.149 0.01044
1850.00 495.465 0.01006
1860.00 472.497 0.00959
1870.00 457.065 0.00928
1880.00 463.194 0.00940
1890.00 487.827 0.00990
1900.00 506.339 0.01028
1910.00 502.337 0.01020
1920.00 484.011 0.00983
1930.00 461.179 0.00936
1940.00 440.078 0.00894
1950.00 428.653 0.00870
1960.00 424.816 0.00863
1970.00 424.187 0.00861
1980.00 405.559 0.00823
1990.00 333.862 0.00678
2000.00 217.327 0.00441
